1416009 1416009 1416009
1416009 1501612 1416009
1416009 261 1416009
1416009 267536 1416009
1416009 291975 1416009
1416009 356385 1416009
1416009 357879 1416009
1416009 418191 1416009
1416009 626742 1416009
0 400822 1416009
0 400819 1416009
0 400818 1416009
0 814065 1416009
400820 400820 1416009
821394 821394 400820
0 821395 821394
0 821419 821394
0 982956 821394
0 821401 400820
0 821403 400820
0 821402 400820
0 821404 400820
0 821406 400820
0 821405 400820
0 821407 400820
821400 821400 400820
0 821408 821400
0 821412 821400
0 821409 821400
0 821411 821400
0 821410 821400
0 400821 1416009
0 400823 1416009
