1014035 1014035 1014035
1014035 1525254 1014035
1014035 255 1014035
1014035 267533 1014035
1014035 357873 1014035
1014035 85677 1014035
0 294 294
0 291 294
0 316 294
720558 720558 1014035
720558 720570 1014035
720558 720571 1014035
0 266 720558
0 299 720558
0 279 720558
0 267 720558
0 313 720558
0 310 720558
0 406546 720558
295 295 720558
0 1717199 295
0 1717204 295
0 1717202 295
0 1717203 295
0 1717200 295
0 1717205 295
0 1717700 295
0 709775 295
0 709774 295
0 1638441 295
0 1717201 295
0 337 720558
0 329 720558
276 276 720558
0 816611 276
0 268 720558
0 292 720558
1383484 1383484 720558
0 1570387 1383484
0 1570388 1383484
0 1570390 1383484
0 1570389 1383484
0 1570391 1383484
0 1570386 1383484
0 1570400 1383484
0 1570394 1383484
0 1570401 1383484
0 1570402 1383484
0 1570396 1383484
0 1570398 1383484
0 1570397 1383484
0 1570399 1383484
0 1570403 1383484
0 1570404 1383484
0 1570395 1383484
0 1570405 1383484
0 304 720558
0 286 720558
0 309 720558
0 323 720558
0 338 720558
290 290 720558
0 720559 290
0 720563 290
0 720564 290
0 720560 290
0 720566 290
0 720567 290
0 720569 290
720562 720562 290
0 720561 720562
0 720565 720562
0 265 720558
0 293 720558
0 322 720558
334 334 720558
0 817000 334
0 817001 334
0 816997 334
0 816996 334
0 817002 334
0 321 720558
0 275 720558
0 271 720558
0 273 720558
0 269 720558
0 328 720558
