1416014 1416014 1416014
1416014 1501617 1416014
1416014 256 1416014
1416014 267540 1416014
1416014 291980 1416014
1416014 356390 1416014
1416014 357884 1416014
1416014 418196 1416014
1416014 626740 1416014
1416014 814100 1416014
1416014 814101 1416014
0 814084 1416014
0 814141 1416014
0 814142 1416014
814092 814092 1416014
1066811 1066811 814092
0 1066829 1066811
0 1066830 1066811
0 1066831 1066811
0 1066813 814092
0 1066812 814092
1066806 1066806 814092
1066832 1066832 1066806
0 1066876 1066832
0 1066877 1066832
0 1066878 1066832
0 1066879 1066832
0 1066880 1066832
0 1066881 1066832
0 1066882 1066832
0 1066883 1066832
0 1066884 1066832
0 1066885 1066832
0 1066886 1066832
0 1066887 1066832
0 1066888 1066832
0 1066889 1066832
0 1066890 1066832
0 1066891 1066832
0 1066892 1066832
0 1066893 1066832
0 1066894 1066832
0 1066895 1066832
0 1066896 1066832
0 1066897 1066832
0 1066898 1066832
0 1066899 1066832
0 1066900 1066832
0 1066901 1066832
0 1066902 1066832
0 1066903 1066832
0 1066904 1066832
0 1066905 1066832
0 1066906 1066832
0 1066907 1066832
0 1066908 1066832
0 1066909 1066832
0 1066910 1066832
0 1066911 1066832
0 1066912 1066832
0 1066913 1066832
0 1066914 1066832
0 1066915 1066832
0 1066916 1066832
0 1066917 1066832
0 1066918 1066832
0 1066919 1066832
0 1066920 1066832
0 1066921 1066832
0 1066922 1066832
0 1066923 1066832
0 1066924 1066832
0 1066925 1066832
0 1066926 1066832
0 1066927 1066832
0 1066928 1066832
0 1066929 1066832
0 1066930 1066832
0 1066931 1066832
0 1066932 1066832
0 1066933 1066832
0 1066934 1066832
0 1066935 1066832
0 1066936 1066832
0 1066937 1066832
0 1066938 1066832
0 1066939 1066832
0 1066940 1066832
0 1066941 1066832
0 1066942 1066832
0 1066943 1066832
0 1066944 1066832
0 1066945 1066832
0 1066946 1066832
0 1066947 1066832
0 1066948 1066832
0 1066949 1066832
0 1066950 1066832
0 1066951 1066832
0 1066952 1066832
0 1066953 1066832
0 1066954 1066832
0 1066955 1066832
0 1066956 1066832
0 1066957 1066832
0 1066958 1066832
0 1066959 1066832
0 1066960 1066832
0 1066961 1066832
0 1066962 1066832
0 1066963 1066832
0 1066964 1066832
0 1066965 1066832
0 1066966 1066832
0 1066967 1066832
0 1066968 1066832
0 1066969 1066832
0 1066970 1066832
0 1066971 1066832
0 1066972 1066832
0 1066973 1066832
0 1066974 1066832
0 1066975 1066832
0 1066976 1066832
0 1066977 1066832
0 1066978 1066832
0 1066979 1066832
0 1066980 1066832
0 1066981 1066832
0 1066982 1066832
0 1066983 1066832
0 1066984 1066832
0 1066985 1066832
0 1066986 1066832
0 1066987 1066832
0 1066988 1066832
0 1066989 1066832
0 1066990 1066832
0 1066991 1066832
0 1066992 1066832
0 1066993 1066832
0 1066994 1066832
0 1066995 1066832
0 1066996 1066832
0 1066997 1066832
0 1066998 1066832
0 1066999 1066832
0 1067000 1066832
0 1067001 1066832
0 1067002 1066832
0 1067003 1066832
0 1067004 1066832
0 1067005 1066832
0 1067006 1066832
0 1067007 1066832
0 1067008 1066832
0 1067009 1066832
0 1067010 1066832
0 1067011 1066832
0 1067012 1066832
0 1067013 1066832
0 1067014 1066832
0 1067015 1066832
0 1067016 1066832
0 1067017 1066832
0 1067018 1066832
0 1067019 1066832
0 1067020 1066832
0 1067021 1066832
0 1067022 1066832
0 1067023 1066832
0 1067024 1066832
0 1067025 1066832
0 1067026 1066832
0 1067027 1066832
0 1067028 1066832
0 1067029 1066832
0 1067030 1066832
0 1067031 1066832
0 1067032 1066832
0 1067033 1066832
0 1067034 1066832
0 1067035 1066832
0 1067036 1066832
0 1067037 1066832
0 1067038 1066832
0 1067039 1066832
0 1067040 1066832
0 1067041 1066832
0 1067042 1066832
0 1067043 1066832
0 1067044 1066832
0 1067045 1066832
0 1067046 1066832
0 1067047 1066832
0 1067048 1066832
0 1067049 1066832
0 1067050 1066832
0 1067051 1066832
0 1067052 1066832
0 1067053 1066832
0 1067054 1066832
0 1067055 1066832
0 1067056 1066832
0 1067057 1066832
0 1067058 1066832
0 1067059 1066832
0 1067060 1066832
0 1067061 1066832
0 1067062 1066832
0 1067063 1066832
0 1067064 1066832
0 1067065 1066832
0 1067066 1066832
0 1067067 1066832
1066833 1066833 1066806
0 1067068 1066833
0 1067069 1066833
0 1067070 1066833
0 1067071 1066833
0 1067072 1066833
0 1067073 1066833
0 1067074 1066833
0 1067075 1066833
0 1067076 1066833
0 1067077 1066833
0 1067078 1066833
0 1067079 1066833
0 1067080 1066833
0 1067081 1066833
0 1067082 1066833
0 1067083 1066833
0 1067084 1066833
0 1067085 1066833
0 1067086 1066833
0 1067087 1066833
0 1067088 1066833
0 1067089 1066833
0 1067090 1066833
0 1067091 1066833
0 1067092 1066833
0 1067093 1066833
0 1067094 1066833
0 1067095 1066833
0 1067096 1066833
0 1067097 1066833
0 1067098 1066833
0 1067099 1066833
0 1067100 1066833
0 1067101 1066833
0 1067102 1066833
0 1067103 1066833
0 1067104 1066833
0 1067105 1066833
0 1067106 1066833
0 1067107 1066833
0 1067108 1066833
0 1067109 1066833
0 1067110 1066833
0 1067111 1066833
0 1067112 1066833
0 1067113 1066833
0 1067114 1066833
0 1067115 1066833
0 1067116 1066833
0 1067117 1066833
0 1067118 1066833
0 1067119 1066833
0 1067120 1066833
0 1067121 1066833
0 1067122 1066833
0 1067123 1066833
0 1067124 1066833
0 1067125 1066833
0 1067126 1066833
0 1067127 1066833
0 1067128 1066833
0 1067129 1066833
0 1067130 1066833
0 1067131 1066833
0 1067132 1066833
0 1067133 1066833
0 1067134 1066833
0 1067135 1066833
0 1067136 1066833
0 1067137 1066833
0 1067138 1066833
0 1067139 1066833
0 1067140 1066833
0 1067141 1066833
0 1067142 1066833
0 1067143 1066833
0 1067144 1066833
0 1067145 1066833
0 1067146 1066833
0 1067147 1066833
0 1067148 1066833
0 1067149 1066833
0 1067150 1066833
0 1067151 1066833
0 1067152 1066833
0 1067153 1066833
0 1067154 1066833
0 1067155 1066833
0 1067156 1066833
0 1067157 1066833
0 1067158 1066833
0 1067159 1066833
0 1067160 1066833
0 1067161 1066833
0 1067162 1066833
0 1067163 1066833
0 1067164 1066833
0 1067165 1066833
0 1067166 1066833
0 1067167 1066833
0 1067168 1066833
0 1067169 1066833
0 1067170 1066833
0 1067171 1066833
0 1067172 1066833
0 1067173 1066833
0 1067174 1066833
0 1067175 1066833
0 1067176 1066833
0 1067177 1066833
0 1067178 1066833
0 1067179 1066833
0 1067180 1066833
0 1067181 1066833
0 1067182 1066833
0 1067183 1066833
0 1067184 1066833
0 1067185 1066833
0 1067186 1066833
0 1067187 1066833
0 1067188 1066833
0 1067189 1066833
0 1067190 1066833
0 1067191 1066833
0 1067192 1066833
0 1067193 1066833
0 1067194 1066833
0 1067195 1066833
0 1067196 1066833
0 1067197 1066833
0 1067198 1066833
0 1067199 1066833
0 1067200 1066833
0 1067201 1066833
0 1067202 1066833
0 1067203 1066833
0 1067204 1066833
0 1067205 1066833
0 1067206 1066833
0 1067207 1066833
0 1067208 1066833
0 1067209 1066833
0 1067210 1066833
0 1067211 1066833
0 1067212 1066833
0 1067213 1066833
0 1067214 1066833
0 1067215 1066833
0 1067216 1066833
0 1067217 1066833
0 1067218 1066833
0 1067219 1066833
0 1067220 1066833
0 1067221 1066833
0 1067222 1066833
0 1067223 1066833
0 1067224 1066833
0 1067225 1066833
0 1067226 1066833
0 1067227 1066833
0 1067228 1066833
0 1067229 1066833
0 1067230 1066833
0 1067231 1066833
0 1067232 1066833
0 1067233 1066833
0 1067234 1066833
0 1067235 1066833
0 1067236 1066833
0 1067237 1066833
0 1067238 1066833
0 1067239 1066833
0 1067240 1066833
0 1067241 1066833
0 1067242 1066833
0 1067243 1066833
0 1067244 1066833
0 1067245 1066833
0 1067246 1066833
0 1067247 1066833
0 1067248 1066833
0 1067249 1066833
0 1067250 1066833
0 1067251 1066833
0 1067252 1066833
0 1067253 1066833
0 1067254 1066833
0 1067255 1066833
0 1067256 1066833
0 1067257 1066833
0 1067258 1066833
0 1067259 1066833
1066834 1066834 1066806
0 1067260 1066834
0 1067261 1066834
0 1067262 1066834
0 1067263 1066834
0 1067264 1066834
0 1067265 1066834
0 1067266 1066834
0 1067267 1066834
0 1067268 1066834
0 1067269 1066834
0 1067270 1066834
0 1067271 1066834
0 1067272 1066834
0 1067273 1066834
0 1067274 1066834
0 1067275 1066834
0 1067276 1066834
0 1067277 1066834
0 1067278 1066834
0 1067279 1066834
0 1067280 1066834
0 1067281 1066834
0 1067282 1066834
0 1067283 1066834
0 1067284 1066834
0 1067285 1066834
0 1067286 1066834
0 1067287 1066834
0 1067288 1066834
0 1067289 1066834
0 1067290 1066834
0 1067291 1066834
0 1067292 1066834
0 1067293 1066834
0 1067294 1066834
0 1067295 1066834
0 1067296 1066834
0 1067297 1066834
0 1067298 1066834
0 1067299 1066834
0 1067300 1066834
0 1067301 1066834
0 1067302 1066834
0 1067303 1066834
0 1067304 1066834
0 1067305 1066834
0 1067306 1066834
0 1067307 1066834
0 1067308 1066834
0 1067309 1066834
0 1067310 1066834
0 1067311 1066834
0 1067312 1066834
0 1067313 1066834
0 1067314 1066834
0 1067315 1066834
0 1067316 1066834
0 1067317 1066834
0 1067318 1066834
0 1067319 1066834
0 1067320 1066834
0 1067321 1066834
0 1067322 1066834
0 1067323 1066834
0 1067324 1066834
0 1067325 1066834
0 1067326 1066834
0 1067327 1066834
0 1067328 1066834
0 1067329 1066834
0 1067330 1066834
0 1067331 1066834
0 1067332 1066834
0 1067333 1066834
0 1067334 1066834
0 1067335 1066834
0 1067336 1066834
0 1067337 1066834
0 1067338 1066834
0 1067339 1066834
0 1067340 1066834
0 1067341 1066834
0 1067342 1066834
0 1067343 1066834
0 1067344 1066834
0 1067345 1066834
0 1067346 1066834
0 1067347 1066834
0 1067348 1066834
0 1067349 1066834
0 1067350 1066834
0 1067351 1066834
0 1067352 1066834
0 1067353 1066834
0 1067354 1066834
0 1067355 1066834
0 1067356 1066834
0 1067357 1066834
0 1067358 1066834
0 1067359 1066834
0 1067360 1066834
0 1067361 1066834
0 1067362 1066834
0 1067363 1066834
0 1067364 1066834
0 1067365 1066834
0 1067366 1066834
0 1067367 1066834
0 1067368 1066834
0 1067369 1066834
0 1067370 1066834
0 1067371 1066834
0 1067372 1066834
0 1067373 1066834
0 1067374 1066834
0 1067375 1066834
0 1067376 1066834
0 1067377 1066834
0 1067378 1066834
0 1067379 1066834
0 1067380 1066834
0 1067381 1066834
0 1067382 1066834
0 1067383 1066834
0 1067384 1066834
0 1067385 1066834
0 1067386 1066834
0 1067387 1066834
0 1067388 1066834
0 1067389 1066834
0 1067390 1066834
0 1067391 1066834
0 1067392 1066834
0 1067393 1066834
0 1067394 1066834
0 1067395 1066834
0 1067396 1066834
0 1067397 1066834
0 1067398 1066834
0 1067399 1066834
0 1067400 1066834
0 1067401 1066834
0 1067402 1066834
0 1067403 1066834
0 1067404 1066834
0 1067405 1066834
0 1067406 1066834
0 1067407 1066834
0 1067408 1066834
0 1067409 1066834
0 1067410 1066834
0 1067411 1066834
0 1067412 1066834
0 1067413 1066834
0 1067414 1066834
0 1067415 1066834
0 1067416 1066834
0 1067417 1066834
0 1067418 1066834
0 1067419 1066834
0 1067420 1066834
0 1067421 1066834
0 1067422 1066834
0 1067423 1066834
0 1067424 1066834
0 1067425 1066834
0 1067426 1066834
0 1067427 1066834
0 1067428 1066834
0 1067429 1066834
0 1067430 1066834
0 1067431 1066834
0 1067432 1066834
0 1067433 1066834
0 1067434 1066834
0 1067435 1066834
0 1067436 1066834
0 1067437 1066834
0 1067438 1066834
0 1067439 1066834
0 1067440 1066834
0 1067441 1066834
0 1067442 1066834
0 1067443 1066834
0 1067444 1066834
0 1067445 1066834
0 1067446 1066834
0 1067447 1066834
0 1067448 1066834
0 1067449 1066834
0 1067450 1066834
0 1067451 1066834
0 1067452 1066834
1066835 1066835 1066806
0 1067453 1066835
0 1067454 1066835
0 1067455 1066835
0 1067456 1066835
0 1067457 1066835
0 1067458 1066835
0 1067459 1066835
0 1067460 1066835
0 1067461 1066835
0 1067462 1066835
0 1067463 1066835
0 1067464 1066835
0 1067465 1066835
0 1067466 1066835
0 1067467 1066835
0 1067468 1066835
0 1067469 1066835
0 1067470 1066835
0 1067471 1066835
0 1067472 1066835
0 1067473 1066835
0 1067474 1066835
0 1067475 1066835
0 1067476 1066835
0 1067477 1066835
0 1067478 1066835
0 1067479 1066835
0 1067480 1066835
0 1067481 1066835
0 1067482 1066835
0 1066836 1066806
0 1066837 1066806
0 1066838 1066806
0 1066839 1066806
0 1066840 1066806
1066807 1066807 814092
1066842 1066842 1066807
0 1067483 1066842
0 1067484 1066842
0 1067485 1066842
0 1067486 1066842
0 1067487 1066842
0 1067488 1066842
0 1067489 1066842
0 1067490 1066842
0 1067491 1066842
0 1067492 1066842
0 1067493 1066842
0 1067494 1066842
0 1067495 1066842
0 1067496 1066842
0 1067497 1066842
0 1067498 1066842
0 1067499 1066842
0 1067500 1066842
0 1067501 1066842
0 1067502 1066842
0 1067503 1066842
0 1067504 1066842
0 1067505 1066842
0 1067506 1066842
0 1067507 1066842
0 1067508 1066842
0 1067509 1066842
0 1067510 1066842
0 1067511 1066842
0 1067512 1066842
0 1067513 1066842
0 1067514 1066842
0 1067515 1066842
0 1067516 1066842
0 1067517 1066842
0 1067518 1066842
0 1067519 1066842
0 1067520 1066842
0 1067521 1066842
0 1067522 1066842
0 1067523 1066842
0 1067524 1066842
0 1067525 1066842
0 1067526 1066842
0 1067527 1066842
0 1067528 1066842
0 1067529 1066842
0 1067530 1066842
0 1067531 1066842
0 1067532 1066842
0 1067533 1066842
0 1067534 1066842
0 1067535 1066842
0 1067536 1066842
0 1067537 1066842
0 1067538 1066842
0 1067539 1066842
0 1067540 1066842
0 1067541 1066842
0 1067542 1066842
0 1067543 1066842
0 1067544 1066842
0 1067545 1066842
0 1067546 1066842
0 1067547 1066842
0 1067548 1066842
0 1067549 1066842
0 1067550 1066842
0 1067551 1066842
0 1067552 1066842
0 1067553 1066842
0 1067554 1066842
0 1067555 1066842
0 1067556 1066842
0 1067557 1066842
0 1067558 1066842
0 1067559 1066842
0 1067560 1066842
0 1067561 1066842
0 1067562 1066842
0 1067563 1066842
0 1067564 1066842
0 1067565 1066842
0 1067566 1066842
0 1067567 1066842
0 1067568 1066842
0 1067569 1066842
0 1067570 1066842
0 1067571 1066842
0 1067572 1066842
0 1067573 1066842
0 1067574 1066842
0 1067575 1066842
0 1067576 1066842
0 1067577 1066842
0 1067578 1066842
0 1067579 1066842
0 1067580 1066842
0 1067581 1066842
0 1067582 1066842
0 1067583 1066842
0 1067584 1066842
0 1067585 1066842
0 1067586 1066842
0 1067587 1066842
0 1067588 1066842
0 1067589 1066842
0 1067590 1066842
0 1067591 1066842
0 1067592 1066842
0 1067593 1066842
0 1067594 1066842
0 1067595 1066842
0 1067596 1066842
0 1067597 1066842
0 1067598 1066842
0 1067599 1066842
0 1067600 1066842
0 1067601 1066842
0 1067602 1066842
0 1067603 1066842
0 1067604 1066842
0 1067605 1066842
0 1067606 1066842
0 1067607 1066842
0 1067608 1066842
0 1067609 1066842
0 1067610 1066842
0 1067611 1066842
0 1067612 1066842
0 1067613 1066842
0 1067614 1066842
0 1067615 1066842
0 1067616 1066842
0 1067617 1066842
0 1067618 1066842
0 1067619 1066842
0 1067620 1066842
0 1067621 1066842
0 1067622 1066842
0 1067623 1066842
0 1067624 1066842
0 1067625 1066842
0 1067626 1066842
0 1067627 1066842
0 1067628 1066842
0 1067629 1066842
0 1067630 1066842
0 1067631 1066842
0 1067632 1066842
0 1067633 1066842
0 1067634 1066842
0 1067635 1066842
0 1067636 1066842
0 1067637 1066842
0 1067638 1066842
0 1067639 1066842
0 1067640 1066842
0 1067641 1066842
0 1067642 1066842
0 1067643 1066842
0 1067644 1066842
0 1067645 1066842
0 1067646 1066842
0 1067647 1066842
0 1067648 1066842
0 1067649 1066842
0 1067650 1066842
0 1067651 1066842
0 1067652 1066842
0 1067653 1066842
0 1067654 1066842
0 1067655 1066842
0 1067656 1066842
0 1067657 1066842
0 1067658 1066842
0 1067659 1066842
0 1067660 1066842
0 1067661 1066842
0 1067662 1066842
0 1067663 1066842
0 1067664 1066842
0 1067665 1066842
0 1067666 1066842
0 1067667 1066842
0 1067668 1066842
0 1067669 1066842
0 1067670 1066842
0 1067671 1066842
0 1067672 1066842
0 1067673 1066842
0 1067674 1066842
0 1067675 1066842
0 1067676 1066842
1066844 1066844 1066807
0 1067943 1066844
0 1067944 1066844
0 1067945 1066844
0 1067946 1066844
0 1067947 1066844
0 1067948 1066844
0 1067949 1066844
0 1067950 1066844
0 1067951 1066844
0 1067952 1066844
0 1067953 1066844
0 1067954 1066844
0 1067955 1066844
0 1067956 1066844
0 1067957 1066844
0 1067958 1066844
0 1067959 1066844
0 1067960 1066844
0 1067961 1066844
0 1067962 1066844
0 1067963 1066844
0 1067964 1066844
0 1067965 1066844
0 1067966 1066844
0 1067967 1066844
0 1067968 1066844
0 1067969 1066844
0 1067970 1066844
0 1067971 1066844
0 1067972 1066844
0 1067973 1066844
0 1067974 1066844
0 1067975 1066844
0 1067976 1066844
0 1067977 1066844
0 1067978 1066844
0 1067979 1066844
0 1067980 1066844
0 1067981 1066844
0 1067982 1066844
0 1067983 1066844
0 1067984 1066844
0 1067985 1066844
0 1067986 1066844
0 1067987 1066844
0 1067988 1066844
0 1067989 1066844
0 1067990 1066844
0 1067991 1066844
0 1067992 1066844
0 1067993 1066844
0 1067994 1066844
0 1067995 1066844
0 1067996 1066844
0 1067997 1066844
0 1067998 1066844
0 1067999 1066844
0 1068000 1066844
0 1068001 1066844
0 1068002 1066844
0 1068003 1066844
0 1068004 1066844
0 1068005 1066844
0 1068006 1066844
0 1068007 1066844
0 1068008 1066844
0 1068009 1066844
0 1068010 1066844
0 1068011 1066844
0 1068012 1066844
0 1068013 1066844
0 1068014 1066844
0 1068015 1066844
0 1068016 1066844
0 1068017 1066844
0 1068018 1066844
0 1068019 1066844
0 1068020 1066844
0 1068021 1066844
0 1068022 1066844
0 1068023 1066844
0 1068024 1066844
0 1068025 1066844
0 1068026 1066844
0 1068027 1066844
0 1068028 1066844
0 1068029 1066844
0 1068030 1066844
0 1068031 1066844
0 1068032 1066844
0 1068033 1066844
0 1068034 1066844
0 1068035 1066844
0 1068036 1066844
0 1068037 1066844
0 1068038 1066844
0 1068039 1066844
0 1068040 1066844
0 1068041 1066844
0 1068042 1066844
0 1068043 1066844
0 1068044 1066844
0 1068045 1066844
0 1068046 1066844
0 1068047 1066844
0 1068048 1066844
0 1068049 1066844
0 1068050 1066844
0 1068051 1066844
0 1068052 1066844
0 1068053 1066844
0 1068054 1066844
0 1068055 1066844
0 1068056 1066844
0 1068057 1066844
0 1068058 1066844
0 1068059 1066844
0 1068060 1066844
0 1068061 1066844
0 1068062 1066844
0 1068063 1066844
0 1068064 1066844
0 1068065 1066844
0 1068066 1066844
0 1068067 1066844
0 1068068 1066844
0 1068069 1066844
0 1068070 1066844
0 1068071 1066844
0 1068072 1066844
0 1068073 1066844
0 1068074 1066844
0 1068075 1066844
0 1068076 1066844
0 1068077 1066844
0 1068078 1066844
0 1068079 1066844
0 1068080 1066844
0 1068081 1066844
0 1068082 1066844
0 1068083 1066844
0 1068084 1066844
0 1068085 1066844
0 1068086 1066844
0 1068087 1066844
0 1068088 1066844
0 1068089 1066844
0 1068090 1066844
0 1068091 1066844
0 1068092 1066844
0 1068093 1066844
0 1068094 1066844
0 1068095 1066844
0 1068096 1066844
0 1068097 1066844
0 1068098 1066844
0 1068099 1066844
0 1068100 1066844
0 1068101 1066844
0 1068102 1066844
0 1068103 1066844
0 1068104 1066844
0 1068105 1066844
0 1068106 1066844
0 1068107 1066844
0 1068108 1066844
0 1068109 1066844
0 1068110 1066844
0 1068111 1066844
0 1068112 1066844
0 1068113 1066844
0 1068114 1066844
0 1068115 1066844
0 1068116 1066844
0 1068117 1066844
0 1068118 1066844
0 1068119 1066844
0 1068120 1066844
0 1068121 1066844
0 1068122 1066844
0 1068123 1066844
0 1068124 1066844
0 1068125 1066844
0 1068126 1066844
0 1068127 1066844
0 1068128 1066844
0 1068129 1066844
0 1068130 1066844
0 1068131 1066844
0 1068132 1066844
0 1068133 1066844
0 1068134 1066844
0 1068135 1066844
0 1068136 1066844
1066843 1066843 1066807
0 1067769 1066843
0 1067770 1066843
0 1067771 1066843
0 1067772 1066843
0 1067773 1066843
0 1067774 1066843
0 1067775 1066843
0 1067776 1066843
0 1067777 1066843
0 1067778 1066843
0 1067779 1066843
0 1067780 1066843
0 1067781 1066843
0 1067782 1066843
0 1067783 1066843
0 1067784 1066843
0 1067785 1066843
0 1067786 1066843
0 1067787 1066843
0 1067788 1066843
0 1067789 1066843
0 1067790 1066843
0 1067791 1066843
0 1067792 1066843
0 1067793 1066843
0 1067794 1066843
0 1067795 1066843
0 1067796 1066843
0 1067797 1066843
0 1067798 1066843
0 1067799 1066843
0 1067800 1066843
0 1067801 1066843
0 1067802 1066843
0 1067803 1066843
0 1067804 1066843
0 1067805 1066843
0 1067806 1066843
0 1067807 1066843
0 1067808 1066843
0 1067809 1066843
0 1067810 1066843
0 1067811 1066843
0 1067812 1066843
0 1067813 1066843
0 1067814 1066843
0 1067815 1066843
0 1067816 1066843
0 1067817 1066843
0 1067818 1066843
0 1067819 1066843
0 1067820 1066843
0 1067821 1066843
0 1067822 1066843
0 1067823 1066843
0 1067824 1066843
0 1067825 1066843
0 1067826 1066843
0 1067827 1066843
0 1067828 1066843
0 1067829 1066843
0 1067830 1066843
0 1067831 1066843
0 1067832 1066843
0 1067833 1066843
0 1067834 1066843
0 1067835 1066843
0 1067836 1066843
0 1067837 1066843
0 1067838 1066843
0 1067839 1066843
0 1067840 1066843
0 1067841 1066843
0 1067842 1066843
0 1067843 1066843
0 1067844 1066843
0 1067845 1066843
0 1067846 1066843
0 1067847 1066843
0 1067848 1066843
0 1067849 1066843
0 1067850 1066843
0 1067851 1066843
0 1067852 1066843
0 1067853 1066843
0 1067854 1066843
0 1067855 1066843
0 1067856 1066843
0 1067857 1066843
0 1067858 1066843
0 1067859 1066843
0 1067860 1066843
0 1067861 1066843
0 1067862 1066843
0 1067863 1066843
0 1067864 1066843
0 1067865 1066843
0 1067866 1066843
0 1067867 1066843
0 1067868 1066843
0 1067869 1066843
0 1067870 1066843
0 1067871 1066843
0 1067872 1066843
0 1067873 1066843
0 1067874 1066843
0 1067875 1066843
0 1067876 1066843
0 1067877 1066843
0 1067878 1066843
0 1067879 1066843
0 1067880 1066843
0 1067881 1066843
0 1067882 1066843
0 1067883 1066843
0 1067884 1066843
0 1067885 1066843
0 1067886 1066843
0 1067887 1066843
0 1067888 1066843
0 1067889 1066843
0 1067890 1066843
0 1067891 1066843
0 1067892 1066843
0 1067893 1066843
0 1067894 1066843
0 1067895 1066843
0 1067896 1066843
0 1067897 1066843
0 1067898 1066843
0 1067899 1066843
0 1067900 1066843
0 1067901 1066843
0 1067902 1066843
0 1067903 1066843
0 1067904 1066843
0 1067905 1066843
0 1067906 1066843
0 1067907 1066843
0 1067908 1066843
0 1067909 1066843
0 1067910 1066843
0 1067911 1066843
0 1067912 1066843
0 1067913 1066843
0 1067914 1066843
0 1067915 1066843
0 1067916 1066843
0 1067917 1066843
0 1067918 1066843
0 1067919 1066843
0 1067920 1066843
0 1067921 1066843
0 1067922 1066843
0 1067923 1066843
0 1067924 1066843
0 1067925 1066843
0 1067926 1066843
0 1067927 1066843
0 1067928 1066843
0 1067929 1066843
0 1067930 1066843
0 1067931 1066843
0 1067932 1066843
0 1067933 1066843
0 1067934 1066843
0 1067935 1066843
0 1067936 1066843
0 1067937 1066843
0 1067938 1066843
0 1067939 1066843
0 1067940 1066843
0 1067941 1066843
0 1067942 1066843
1066845 1066845 1066807
0 1068137 1066845
0 1068138 1066845
0 1068139 1066845
0 1068140 1066845
0 1068141 1066845
0 1068142 1066845
0 1068143 1066845
0 1068144 1066845
0 1068145 1066845
0 1068146 1066845
0 1068147 1066845
0 1068148 1066845
0 1068149 1066845
0 1068150 1066845
0 1068151 1066845
0 1068152 1066845
0 1068153 1066845
0 1068154 1066845
0 1068155 1066845
0 1068156 1066845
0 1068157 1066845
0 1068158 1066845
0 1068159 1066845
0 1068160 1066845
0 1068161 1066845
0 1068162 1066845
0 1068163 1066845
0 1068164 1066845
0 1068165 1066845
0 1068166 1066845
0 1068167 1066845
0 1068168 1066845
0 1068169 1066845
0 1068170 1066845
0 1068171 1066845
0 1068172 1066845
0 1068173 1066845
0 1068174 1066845
0 1068175 1066845
0 1068176 1066845
0 1068177 1066845
0 1068178 1066845
0 1068179 1066845
0 1068180 1066845
0 1068181 1066845
0 1068182 1066845
0 1068183 1066845
0 1068184 1066845
0 1068185 1066845
0 1068186 1066845
0 1068187 1066845
0 1068188 1066845
0 1068189 1066845
0 1068190 1066845
0 1068191 1066845
0 1068192 1066845
0 1068193 1066845
0 1068194 1066845
0 1068195 1066845
0 1068196 1066845
0 1068197 1066845
0 1068198 1066845
0 1068199 1066845
0 1068200 1066845
0 1068201 1066845
0 1068202 1066845
0 1068203 1066845
0 1068204 1066845
0 1068205 1066845
0 1068206 1066845
0 1068207 1066845
0 1068208 1066845
0 1068209 1066845
0 1068210 1066845
0 1068211 1066845
0 1068212 1066845
0 1068213 1066845
0 1068214 1066845
0 1068215 1066845
0 1068216 1066845
0 1068217 1066845
0 1068218 1066845
0 1068219 1066845
0 1068220 1066845
0 1068221 1066845
0 1068222 1066845
0 1068223 1066845
0 1068224 1066845
0 1068225 1066845
0 1068226 1066845
0 1068227 1066845
0 1068228 1066845
0 1068229 1066845
0 1068230 1066845
0 1068231 1066845
0 1068232 1066845
0 1068233 1066845
0 1068234 1066845
0 1068235 1066845
0 1068236 1066845
0 1068237 1066845
0 1068238 1066845
0 1068239 1066845
0 1068240 1066845
0 1068241 1066845
0 1068242 1066845
0 1068243 1066845
0 1068244 1066845
0 1068245 1066845
0 1068246 1066845
0 1068247 1066845
0 1068248 1066845
0 1068249 1066845
0 1068250 1066845
0 1068251 1066845
0 1068252 1066845
0 1068253 1066845
0 1068254 1066845
0 1068255 1066845
0 1068256 1066845
0 1068257 1066845
0 1068258 1066845
0 1068259 1066845
0 1068260 1066845
0 1068261 1066845
0 1068262 1066845
0 1068263 1066845
0 1068264 1066845
0 1068265 1066845
0 1068266 1066845
0 1068267 1066845
0 1068268 1066845
0 1068269 1066845
0 1068270 1066845
0 1068271 1066845
0 1068272 1066845
0 1068273 1066845
0 1068274 1066845
0 1068275 1066845
0 1068276 1066845
0 1068277 1066845
0 1068278 1066845
0 1068279 1066845
0 1068280 1066845
0 1068281 1066845
0 1068282 1066845
0 1068283 1066845
0 1068284 1066845
0 1068285 1066845
0 1068286 1066845
0 1068287 1066845
0 1068288 1066845
0 1068289 1066845
0 1068290 1066845
0 1068291 1066845
0 1068292 1066845
0 1068293 1066845
0 1068294 1066845
0 1068295 1066845
0 1068296 1066845
0 1068297 1066845
0 1068298 1066845
0 1068299 1066845
0 1068300 1066845
0 1068301 1066845
0 1068302 1066845
0 1068303 1066845
0 1068304 1066845
0 1068305 1066845
0 1068306 1066845
0 1068307 1066845
0 1068308 1066845
0 1068309 1066845
0 1068310 1066845
0 1068311 1066845
0 1068312 1066845
0 1068313 1066845
0 1068314 1066845
0 1068315 1066845
0 1068316 1066845
0 1068317 1066845
0 1068318 1066845
0 1068319 1066845
0 1068320 1066845
0 1068321 1066845
0 1068322 1066845
0 1068323 1066845
0 1068324 1066845
0 1068325 1066845
0 1068326 1066845
0 1068327 1066845
0 1068328 1066845
0 1068329 1066845
0 1068330 1066845
0 1066846 1066807
0 1066847 1066807
0 1066848 1066807
0 1066849 1066807
1066841 1066841 1066807
0 1067677 1066841
0 1067678 1066841
0 1067679 1066841
0 1067680 1066841
0 1067681 1066841
0 1067682 1066841
0 1067683 1066841
0 1067684 1066841
0 1067685 1066841
0 1067686 1066841
0 1067687 1066841
0 1067688 1066841
0 1067689 1066841
0 1067690 1066841
0 1067691 1066841
0 1067692 1066841
0 1067693 1066841
0 1067694 1066841
0 1067695 1066841
0 1067696 1066841
0 1067697 1066841
0 1067698 1066841
0 1067699 1066841
0 1067700 1066841
0 1067701 1066841
0 1067702 1066841
0 1067703 1066841
0 1067704 1066841
0 1067705 1066841
0 1067706 1066841
0 1067707 1066841
0 1067708 1066841
0 1067709 1066841
0 1067710 1066841
0 1067711 1066841
0 1067712 1066841
0 1067713 1066841
0 1067714 1066841
0 1067715 1066841
0 1067716 1066841
0 1067717 1066841
0 1067718 1066841
0 1067719 1066841
0 1067720 1066841
0 1067721 1066841
0 1067722 1066841
0 1067723 1066841
0 1067724 1066841
0 1067725 1066841
0 1067726 1066841
0 1067727 1066841
0 1067728 1066841
0 1067729 1066841
0 1067730 1066841
0 1067731 1066841
0 1067732 1066841
0 1067733 1066841
0 1067734 1066841
0 1067735 1066841
0 1067736 1066841
0 1067737 1066841
0 1067738 1066841
0 1067739 1066841
0 1067740 1066841
0 1067741 1066841
0 1067742 1066841
0 1067743 1066841
0 1067744 1066841
0 1067745 1066841
0 1067746 1066841
0 1067747 1066841
0 1067748 1066841
0 1067749 1066841
0 1067750 1066841
0 1067751 1066841
0 1067752 1066841
0 1067753 1066841
0 1067754 1066841
0 1067755 1066841
0 1067756 1066841
0 1067757 1066841
0 1067758 1066841
0 1067759 1066841
0 1067760 1066841
0 1067761 1066841
0 1067762 1066841
0 1067763 1066841
0 1067764 1066841
0 1067765 1066841
0 1067766 1066841
0 1067767 1066841
0 1067768 1066841
0 1066850 1066807
1066808 1066808 814092
1066851 1066851 1066808
0 1068331 1066851
0 1068332 1066851
0 1068333 1066851
0 1068334 1066851
0 1068335 1066851
0 1068336 1066851
0 1068337 1066851
0 1068338 1066851
0 1068339 1066851
0 1068340 1066851
0 1068341 1066851
0 1068342 1066851
0 1068343 1066851
0 1068344 1066851
0 1068345 1066851
0 1068346 1066851
0 1068347 1066851
0 1068348 1066851
0 1068349 1066851
0 1068350 1066851
0 1068351 1066851
0 1068352 1066851
0 1068353 1066851
0 1068354 1066851
0 1068355 1066851
0 1068356 1066851
0 1068357 1066851
0 1068358 1066851
0 1068359 1066851
0 1068360 1066851
0 1068361 1066851
0 1068362 1066851
0 1068363 1066851
0 1068364 1066851
0 1068365 1066851
0 1068366 1066851
0 1068367 1066851
0 1068368 1066851
0 1068369 1066851
0 1068370 1066851
0 1068371 1066851
0 1068372 1066851
0 1068373 1066851
0 1068374 1066851
0 1068375 1066851
0 1068376 1066851
0 1068377 1066851
0 1068378 1066851
0 1068379 1066851
0 1068380 1066851
0 1068381 1066851
0 1068382 1066851
0 1068383 1066851
0 1068384 1066851
0 1068385 1066851
0 1068386 1066851
0 1068387 1066851
0 1068388 1066851
0 1068389 1066851
0 1068390 1066851
0 1068391 1066851
0 1068392 1066851
0 1068393 1066851
0 1068394 1066851
0 1068395 1066851
0 1068396 1066851
0 1068397 1066851
0 1068398 1066851
0 1068399 1066851
0 1068400 1066851
0 1068401 1066851
0 1068402 1066851
0 1068403 1066851
0 1068404 1066851
0 1068405 1066851
0 1068406 1066851
0 1068407 1066851
0 1068408 1066851
0 1068409 1066851
0 1068410 1066851
0 1068411 1066851
0 1068412 1066851
0 1068413 1066851
0 1068414 1066851
0 1068415 1066851
0 1068416 1066851
0 1068417 1066851
0 1068418 1066851
0 1068419 1066851
0 1068420 1066851
0 1068421 1066851
0 1068422 1066851
0 1068423 1066851
0 1068424 1066851
0 1068425 1066851
0 1068426 1066851
0 1068427 1066851
0 1068428 1066851
0 1068429 1066851
0 1068430 1066851
0 1068431 1066851
0 1068432 1066851
0 1068433 1066851
0 1068434 1066851
0 1068435 1066851
0 1068436 1066851
0 1068437 1066851
0 1068438 1066851
0 1068439 1066851
0 1068440 1066851
0 1068441 1066851
0 1068442 1066851
0 1068443 1066851
0 1068444 1066851
0 1068445 1066851
0 1068446 1066851
0 1068447 1066851
0 1068448 1066851
0 1068449 1066851
0 1068450 1066851
0 1068451 1066851
0 1068452 1066851
0 1068453 1066851
0 1068454 1066851
0 1068455 1066851
0 1068456 1066851
0 1068457 1066851
0 1068458 1066851
0 1068459 1066851
0 1068460 1066851
0 1068461 1066851
0 1068462 1066851
0 1068463 1066851
0 1068464 1066851
0 1068465 1066851
0 1068466 1066851
0 1068467 1066851
0 1068468 1066851
0 1068469 1066851
0 1068470 1066851
0 1068471 1066851
0 1068472 1066851
0 1068473 1066851
0 1068474 1066851
0 1068475 1066851
0 1068476 1066851
0 1068477 1066851
0 1068478 1066851
0 1068479 1066851
0 1068480 1066851
0 1068481 1066851
0 1068482 1066851
0 1068483 1066851
0 1068484 1066851
0 1068485 1066851
0 1068486 1066851
0 1068487 1066851
0 1068488 1066851
0 1068489 1066851
0 1068490 1066851
0 1068491 1066851
0 1068492 1066851
0 1068493 1066851
0 1068494 1066851
0 1068495 1066851
0 1068496 1066851
0 1068497 1066851
0 1068498 1066851
0 1068499 1066851
0 1068500 1066851
0 1068501 1066851
0 1068502 1066851
0 1068503 1066851
0 1068504 1066851
0 1068505 1066851
0 1068506 1066851
0 1068507 1066851
0 1068508 1066851
0 1068509 1066851
0 1068510 1066851
0 1068511 1066851
0 1068512 1066851
0 1068513 1066851
0 1068514 1066851
0 1068515 1066851
0 1068516 1066851
0 1068517 1066851
0 1068518 1066851
0 1068519 1066851
0 1068520 1066851
0 1068521 1066851
0 1068522 1066851
1066852 1066852 1066808
0 1068523 1066852
0 1068524 1066852
0 1068525 1066852
0 1068526 1066852
0 1068527 1066852
0 1068528 1066852
0 1068529 1066852
0 1068530 1066852
0 1068531 1066852
0 1068532 1066852
0 1068533 1066852
0 1068534 1066852
0 1068535 1066852
0 1068536 1066852
0 1068537 1066852
0 1068538 1066852
0 1068539 1066852
0 1068540 1066852
0 1068541 1066852
0 1068542 1066852
0 1068543 1066852
0 1068544 1066852
0 1068545 1066852
0 1068546 1066852
0 1068547 1066852
0 1068548 1066852
0 1068549 1066852
0 1068550 1066852
0 1068551 1066852
0 1068552 1066852
0 1068553 1066852
0 1068554 1066852
0 1068555 1066852
0 1068556 1066852
0 1068557 1066852
0 1068558 1066852
0 1068559 1066852
0 1068560 1066852
0 1068561 1066852
0 1068562 1066852
0 1068563 1066852
0 1068564 1066852
0 1068565 1066852
0 1068566 1066852
0 1068567 1066852
0 1068568 1066852
0 1068569 1066852
0 1068570 1066852
0 1068571 1066852
0 1068572 1066852
0 1068573 1066852
0 1068574 1066852
0 1068575 1066852
0 1068576 1066852
0 1068577 1066852
0 1068578 1066852
0 1068579 1066852
0 1068580 1066852
0 1068581 1066852
0 1068582 1066852
0 1068583 1066852
0 1068584 1066852
0 1068585 1066852
0 1068586 1066852
0 1068587 1066852
0 1068588 1066852
0 1068589 1066852
0 1068590 1066852
0 1068591 1066852
0 1068592 1066852
0 1068593 1066852
0 1068594 1066852
0 1068595 1066852
0 1068596 1066852
0 1068597 1066852
0 1068598 1066852
0 1068599 1066852
0 1068600 1066852
0 1068601 1066852
0 1068602 1066852
0 1068603 1066852
0 1068604 1066852
0 1068605 1066852
0 1068606 1066852
0 1068607 1066852
0 1068608 1066852
0 1068609 1066852
0 1068610 1066852
0 1068611 1066852
0 1068612 1066852
0 1068613 1066852
0 1068614 1066852
0 1068615 1066852
0 1068616 1066852
0 1068617 1066852
0 1068618 1066852
0 1068619 1066852
0 1068620 1066852
0 1068621 1066852
0 1068622 1066852
0 1068623 1066852
0 1068624 1066852
0 1068625 1066852
0 1068626 1066852
0 1068627 1066852
0 1068628 1066852
0 1068629 1066852
0 1068630 1066852
0 1068631 1066852
0 1068632 1066852
0 1068633 1066852
0 1068634 1066852
0 1068635 1066852
0 1068636 1066852
0 1068637 1066852
0 1068638 1066852
0 1068639 1066852
0 1068640 1066852
0 1068641 1066852
0 1068642 1066852
0 1068643 1066852
0 1068644 1066852
0 1068645 1066852
0 1068646 1066852
0 1068647 1066852
0 1068648 1066852
0 1068649 1066852
0 1068650 1066852
0 1068651 1066852
0 1068652 1066852
0 1068653 1066852
0 1068654 1066852
0 1068655 1066852
0 1068656 1066852
0 1068657 1066852
0 1068658 1066852
0 1068659 1066852
0 1068660 1066852
0 1068661 1066852
0 1068662 1066852
0 1068663 1066852
0 1068664 1066852
0 1068665 1066852
0 1068666 1066852
0 1068667 1066852
0 1068668 1066852
0 1068669 1066852
0 1068670 1066852
0 1068671 1066852
0 1068672 1066852
0 1068673 1066852
0 1068674 1066852
0 1068675 1066852
0 1068676 1066852
0 1068677 1066852
0 1068678 1066852
0 1068679 1066852
0 1068680 1066852
0 1068681 1066852
0 1068682 1066852
0 1068683 1066852
0 1068684 1066852
0 1068685 1066852
0 1068686 1066852
0 1068687 1066852
0 1068688 1066852
0 1068689 1066852
0 1068690 1066852
0 1068691 1066852
0 1068692 1066852
0 1068693 1066852
0 1068694 1066852
0 1068695 1066852
0 1068696 1066852
0 1068697 1066852
0 1068698 1066852
0 1068699 1066852
0 1068700 1066852
0 1068701 1066852
0 1068702 1066852
0 1068703 1066852
0 1068704 1066852
0 1068705 1066852
0 1068706 1066852
0 1068707 1066852
0 1068708 1066852
0 1068709 1066852
0 1068710 1066852
0 1068711 1066852
0 1068712 1066852
0 1068713 1066852
0 1068714 1066852
1066853 1066853 1066808
0 1068715 1066853
0 1068716 1066853
0 1068717 1066853
0 1068718 1066853
0 1068719 1066853
0 1068720 1066853
0 1068721 1066853
0 1068722 1066853
0 1068723 1066853
0 1068724 1066853
0 1068725 1066853
0 1068726 1066853
0 1068727 1066853
0 1068728 1066853
0 1068729 1066853
0 1068730 1066853
0 1068731 1066853
0 1068732 1066853
0 1068733 1066853
0 1068734 1066853
0 1068735 1066853
0 1068736 1066853
0 1068737 1066853
0 1068738 1066853
0 1068739 1066853
0 1068740 1066853
0 1068741 1066853
0 1068742 1066853
0 1068743 1066853
0 1068744 1066853
0 1068745 1066853
0 1068746 1066853
0 1068747 1066853
0 1068748 1066853
0 1068749 1066853
0 1068750 1066853
0 1068751 1066853
0 1068752 1066853
0 1068753 1066853
0 1068754 1066853
0 1068755 1066853
0 1068756 1066853
0 1068757 1066853
0 1068758 1066853
0 1068759 1066853
0 1068760 1066853
0 1068761 1066853
0 1068762 1066853
0 1068763 1066853
0 1068764 1066853
0 1068765 1066853
0 1068766 1066853
0 1068767 1066853
0 1068768 1066853
0 1068769 1066853
0 1068770 1066853
0 1068771 1066853
0 1068772 1066853
0 1068773 1066853
0 1068774 1066853
0 1068775 1066853
0 1068776 1066853
0 1068777 1066853
0 1068778 1066853
0 1068779 1066853
0 1068780 1066853
0 1068781 1066853
0 1068782 1066853
0 1068783 1066853
0 1068784 1066853
0 1068785 1066853
0 1068786 1066853
0 1068787 1066853
0 1068788 1066853
0 1068789 1066853
0 1068790 1066853
0 1068791 1066853
0 1068792 1066853
0 1068793 1066853
0 1068794 1066853
0 1068795 1066853
0 1068796 1066853
0 1068797 1066853
0 1068798 1066853
0 1068799 1066853
0 1068800 1066853
0 1068801 1066853
0 1068802 1066853
0 1068803 1066853
0 1068804 1066853
0 1068805 1066853
0 1068806 1066853
0 1068807 1066853
0 1068808 1066853
0 1068809 1066853
0 1068810 1066853
0 1068811 1066853
0 1068812 1066853
0 1068813 1066853
0 1068814 1066853
0 1068815 1066853
0 1068816 1066853
0 1068817 1066853
0 1068818 1066853
0 1068819 1066853
0 1068820 1066853
0 1068821 1066853
0 1068822 1066853
0 1068823 1066853
0 1068824 1066853
0 1068825 1066853
0 1068826 1066853
0 1068827 1066853
0 1068828 1066853
0 1068829 1066853
0 1068830 1066853
0 1068831 1066853
0 1068832 1066853
0 1068833 1066853
0 1068834 1066853
0 1068835 1066853
0 1068836 1066853
0 1068837 1066853
0 1068838 1066853
0 1068839 1066853
0 1068840 1066853
0 1068841 1066853
0 1068842 1066853
0 1068843 1066853
0 1068844 1066853
0 1068845 1066853
0 1068846 1066853
0 1068847 1066853
0 1068848 1066853
0 1068849 1066853
0 1068850 1066853
0 1068851 1066853
0 1068852 1066853
0 1068853 1066853
0 1068854 1066853
0 1068855 1066853
0 1068856 1066853
0 1068857 1066853
0 1068858 1066853
0 1068859 1066853
0 1068860 1066853
0 1068861 1066853
0 1068862 1066853
0 1068863 1066853
0 1068864 1066853
0 1068865 1066853
0 1068866 1066853
0 1068867 1066853
0 1068868 1066853
0 1068869 1066853
0 1068870 1066853
0 1068871 1066853
0 1068872 1066853
0 1068873 1066853
0 1068874 1066853
0 1068875 1066853
0 1068876 1066853
0 1068877 1066853
0 1068878 1066853
0 1068879 1066853
0 1068880 1066853
0 1068881 1066853
0 1068882 1066853
0 1068883 1066853
0 1068884 1066853
0 1068885 1066853
0 1068886 1066853
0 1068887 1066853
0 1068888 1066853
0 1068889 1066853
0 1068890 1066853
0 1068891 1066853
0 1068892 1066853
0 1068893 1066853
0 1068894 1066853
0 1068895 1066853
0 1068896 1066853
0 1068897 1066853
0 1068898 1066853
0 1068899 1066853
0 1068900 1066853
0 1068901 1066853
0 1068902 1066853
0 1068903 1066853
0 1068904 1066853
0 1068905 1066853
0 1068906 1066853
1066854 1066854 1066808
0 1068907 1066854
0 1068908 1066854
0 1068909 1066854
0 1068910 1066854
0 1068911 1066854
0 1068912 1066854
0 1068913 1066854
0 1068914 1066854
0 1068915 1066854
0 1068916 1066854
0 1068917 1066854
0 1068918 1066854
0 1068919 1066854
0 1068920 1066854
0 1068921 1066854
0 1068922 1066854
0 1068923 1066854
0 1066856 1066808
0 1066857 1066808
0 1066858 1066808
0 1066859 1066808
0 1066860 1066808
0 1066861 1066808
1066855 1066855 1066808
0 1068924 1066855
0 1068925 1066855
0 1068926 1066855
0 1068927 1066855
0 1068928 1066855
0 1068929 1066855
0 1068930 1066855
0 1068931 1066855
0 1068932 1066855
0 1068933 1066855
0 1068934 1066855
0 1068935 1066855
0 1068936 1066855
0 1068937 1066855
0 1068938 1066855
0 1068939 1066855
0 1068940 1066855
0 1068941 1066855
0 1068942 1066855
0 1068943 1066855
0 1068944 1066855
0 1068945 1066855
0 1068946 1066855
0 1068947 1066855
0 1068948 1066855
0 1068949 1066855
0 1068950 1066855
0 1068951 1066855
0 1068952 1066855
0 1068953 1066855
0 1068954 1066855
0 1068955 1066855
0 1068956 1066855
0 1068957 1066855
0 1068958 1066855
0 1068959 1066855
0 1068960 1066855
0 1068961 1066855
0 1068962 1066855
0 1068963 1066855
0 1068964 1066855
0 1068965 1066855
0 1068966 1066855
0 1068967 1066855
0 1068968 1066855
0 1068969 1066855
0 1068970 1066855
0 1068971 1066855
0 1068972 1066855
0 1068973 1066855
0 1068974 1066855
0 1068975 1066855
0 1068976 1066855
0 1068977 1066855
0 1068978 1066855
0 1068979 1066855
0 1068980 1066855
0 1068981 1066855
0 1068982 1066855
0 1068983 1066855
0 1068984 1066855
0 1068985 1066855
0 1068986 1066855
0 1068987 1066855
0 1068988 1066855
0 1068989 1066855
0 1068990 1066855
0 1068991 1066855
0 1068992 1066855
0 1068993 1066855
0 1068994 1066855
0 1068995 1066855
0 1068996 1066855
0 1068997 1066855
0 1068998 1066855
0 1068999 1066855
0 1069000 1066855
0 1069001 1066855
0 1069002 1066855
0 1069003 1066855
0 1069004 1066855
0 1069005 1066855
0 1069006 1066855
0 1069007 1066855
0 1069008 1066855
0 1069009 1066855
0 1069010 1066855
0 1069011 1066855
0 1069012 1066855
0 1069013 1066855
0 1069014 1066855
0 1069015 1066855
0 1069016 1066855
0 1069017 1066855
0 1069018 1066855
0 1069019 1066855
0 1069020 1066855
0 1069021 1066855
0 1069022 1066855
0 1069023 1066855
0 1069024 1066855
0 1069025 1066855
0 1069026 1066855
0 1069027 1066855
0 1069028 1066855
0 1069029 1066855
0 1069030 1066855
0 1069031 1066855
0 1069032 1066855
0 1069033 1066855
0 1069034 1066855
0 1066862 1066808
1066809 1066809 814092
1066863 1066863 1066809
0 1069035 1066863
0 1069036 1066863
0 1069037 1066863
0 1069038 1066863
0 1069039 1066863
0 1069040 1066863
0 1069041 1066863
0 1069042 1066863
0 1069043 1066863
0 1069044 1066863
0 1069045 1066863
0 1069046 1066863
0 1069047 1066863
0 1069048 1066863
0 1069049 1066863
0 1069050 1066863
0 1069051 1066863
0 1069052 1066863
0 1069053 1066863
0 1069054 1066863
0 1069055 1066863
0 1069056 1066863
0 1069057 1066863
0 1069058 1066863
0 1069059 1066863
0 1069060 1066863
0 1069061 1066863
0 1069062 1066863
0 1069063 1066863
0 1069064 1066863
0 1069065 1066863
0 1069066 1066863
0 1069067 1066863
0 1069068 1066863
0 1069069 1066863
0 1069070 1066863
0 1069071 1066863
0 1069072 1066863
0 1069073 1066863
0 1069074 1066863
0 1069075 1066863
0 1069076 1066863
0 1069077 1066863
0 1069078 1066863
0 1069079 1066863
0 1069080 1066863
0 1069081 1066863
0 1069082 1066863
0 1069083 1066863
0 1069084 1066863
0 1069085 1066863
0 1069086 1066863
0 1069087 1066863
0 1069088 1066863
0 1069089 1066863
0 1069090 1066863
0 1069091 1066863
0 1069092 1066863
0 1069093 1066863
0 1069094 1066863
0 1069095 1066863
0 1069096 1066863
0 1069097 1066863
0 1069098 1066863
0 1069099 1066863
0 1069100 1066863
0 1069101 1066863
0 1069102 1066863
0 1069103 1066863
0 1069104 1066863
0 1069105 1066863
0 1069106 1066863
0 1069107 1066863
0 1069108 1066863
0 1069109 1066863
0 1069110 1066863
0 1069111 1066863
0 1069112 1066863
0 1069113 1066863
0 1069114 1066863
0 1069115 1066863
0 1069116 1066863
0 1069117 1066863
0 1069118 1066863
0 1069119 1066863
0 1069120 1066863
0 1069121 1066863
0 1069122 1066863
0 1069123 1066863
0 1069124 1066863
0 1069125 1066863
0 1069126 1066863
0 1069127 1066863
0 1069128 1066863
0 1069129 1066863
0 1069130 1066863
1066864 1066864 1066809
0 1069131 1066864
0 1069132 1066864
0 1069133 1066864
0 1069134 1066864
0 1069135 1066864
0 1069136 1066864
0 1069137 1066864
0 1069138 1066864
0 1069139 1066864
0 1069140 1066864
0 1069141 1066864
0 1069142 1066864
0 1069143 1066864
0 1069144 1066864
0 1069145 1066864
0 1069146 1066864
0 1069147 1066864
0 1069148 1066864
0 1069149 1066864
0 1069150 1066864
0 1069151 1066864
0 1069152 1066864
0 1069153 1066864
0 1069154 1066864
0 1069155 1066864
0 1069156 1066864
0 1069157 1066864
0 1069158 1066864
0 1069159 1066864
0 1069160 1066864
0 1069161 1066864
0 1069162 1066864
0 1069163 1066864
0 1069164 1066864
0 1069165 1066864
0 1069166 1066864
0 1069167 1066864
0 1069168 1066864
0 1069169 1066864
0 1069170 1066864
0 1069171 1066864
0 1069172 1066864
0 1069173 1066864
0 1069174 1066864
0 1069175 1066864
0 1069176 1066864
0 1069177 1066864
0 1069178 1066864
0 1069179 1066864
0 1069180 1066864
0 1069181 1066864
0 1069182 1066864
0 1069183 1066864
0 1069184 1066864
0 1069185 1066864
0 1069186 1066864
0 1069187 1066864
0 1069188 1066864
0 1069189 1066864
0 1069190 1066864
0 1069191 1066864
0 1069192 1066864
0 1069193 1066864
0 1069194 1066864
0 1069195 1066864
0 1069196 1066864
0 1069197 1066864
0 1069198 1066864
0 1069199 1066864
0 1069200 1066864
0 1069201 1066864
0 1069202 1066864
0 1069203 1066864
0 1069204 1066864
0 1069205 1066864
0 1069206 1066864
0 1069207 1066864
0 1069208 1066864
0 1069209 1066864
0 1069210 1066864
0 1069211 1066864
0 1069212 1066864
0 1069213 1066864
0 1069214 1066864
0 1069215 1066864
0 1069216 1066864
0 1069217 1066864
0 1069218 1066864
0 1069219 1066864
0 1069220 1066864
0 1069221 1066864
0 1069222 1066864
0 1069223 1066864
0 1069224 1066864
0 1069225 1066864
0 1069226 1066864
0 1066867 1066809
0 1066868 1066809
1066865 1066865 1066809
0 1069227 1066865
0 1069228 1066865
0 1069229 1066865
0 1069230 1066865
0 1069231 1066865
0 1069232 1066865
0 1069233 1066865
0 1069234 1066865
0 1069235 1066865
0 1069236 1066865
0 1069237 1066865
0 1069238 1066865
0 1069239 1066865
0 1069240 1066865
0 1069241 1066865
0 1069242 1066865
0 1069243 1066865
0 1069244 1066865
0 1069245 1066865
0 1069246 1066865
0 1069247 1066865
0 1069248 1066865
0 1069249 1066865
0 1069250 1066865
0 1069251 1066865
0 1069252 1066865
0 1069253 1066865
0 1069254 1066865
0 1069255 1066865
0 1069256 1066865
0 1069257 1066865
0 1069258 1066865
0 1069259 1066865
0 1069260 1066865
0 1069261 1066865
0 1069262 1066865
0 1069263 1066865
0 1069264 1066865
0 1069265 1066865
0 1069266 1066865
0 1069267 1066865
0 1069268 1066865
0 1069269 1066865
0 1069270 1066865
0 1069271 1066865
0 1069272 1066865
0 1069273 1066865
0 1069274 1066865
0 1069275 1066865
0 1069276 1066865
0 1069277 1066865
0 1069278 1066865
0 1069279 1066865
0 1069280 1066865
0 1069281 1066865
0 1069282 1066865
0 1069283 1066865
0 1069284 1066865
0 1069285 1066865
0 1069286 1066865
0 1069287 1066865
0 1069288 1066865
0 1069289 1066865
0 1069290 1066865
0 1069291 1066865
0 1069292 1066865
0 1069293 1066865
0 1069294 1066865
0 1069295 1066865
0 1069296 1066865
0 1069297 1066865
0 1069298 1066865
0 1069299 1066865
0 1069300 1066865
0 1069301 1066865
0 1069302 1066865
0 1069303 1066865
0 1069304 1066865
0 1069305 1066865
0 1069306 1066865
0 1069307 1066865
0 1069308 1066865
0 1069309 1066865
0 1069310 1066865
0 1069311 1066865
0 1069312 1066865
0 1069313 1066865
0 1069314 1066865
0 1069315 1066865
0 1069316 1066865
0 1069317 1066865
0 1069318 1066865
0 1069319 1066865
0 1069320 1066865
0 1069321 1066865
0 1069322 1066865
1066866 1066866 1066809
0 1069323 1066866
0 1069324 1066866
0 1069325 1066866
0 1069326 1066866
0 1069327 1066866
0 1069328 1066866
0 1069329 1066866
0 1069330 1066866
0 1069331 1066866
0 1069332 1066866
0 1069333 1066866
0 1069334 1066866
0 1069335 1066866
0 1069336 1066866
0 1069337 1066866
0 1069338 1066866
0 1069339 1066866
0 1069340 1066866
0 1069341 1066866
0 1069342 1066866
0 1069343 1066866
0 1069344 1066866
0 1069345 1066866
0 1069346 1066866
0 1069347 1066866
0 1069348 1066866
0 1069349 1066866
0 1069350 1066866
0 1069351 1066866
0 1069352 1066866
0 1069353 1066866
0 1069354 1066866
0 1069355 1066866
0 1069356 1066866
0 1069357 1066866
0 1069358 1066866
0 1069359 1066866
0 1069360 1066866
0 1069361 1066866
0 1069362 1066866
0 1069363 1066866
0 1069364 1066866
0 1069365 1066866
0 1069366 1066866
0 1069367 1066866
0 1069368 1066866
0 1069369 1066866
0 1069370 1066866
0 1069371 1066866
0 1069372 1066866
0 1069373 1066866
0 1069374 1066866
0 1069375 1066866
0 1069376 1066866
0 1069377 1066866
0 1069378 1066866
0 1069379 1066866
0 1069380 1066866
0 1069381 1066866
0 1069382 1066866
0 1069383 1066866
0 1069384 1066866
0 1069385 1066866
0 1069386 1066866
0 1069387 1066866
0 1069388 1066866
0 1069389 1066866
0 1069390 1066866
0 1069391 1066866
0 1069392 1066866
0 1069393 1066866
0 1069394 1066866
0 1069395 1066866
0 1069396 1066866
0 1069397 1066866
0 1069398 1066866
0 1069399 1066866
0 1069400 1066866
0 1069401 1066866
0 1069402 1066866
0 1069403 1066866
0 1069404 1066866
0 1069405 1066866
0 1069406 1066866
0 1069407 1066866
0 1069408 1066866
0 1069409 1066866
0 1069410 1066866
0 1069411 1066866
0 1069412 1066866
0 1069413 1066866
0 1069414 1066866
0 1069415 1066866
0 1069416 1066866
0 1069417 1066866
0 1069418 1066866
1066810 1066810 814092
1066869 1066869 1066810
0 1069419 1066869
0 1069420 1066869
0 1069421 1066869
0 1069422 1066869
0 1069423 1066869
0 1069424 1066869
0 1069425 1066869
0 1069426 1066869
0 1069427 1066869
0 1069428 1066869
0 1069429 1066869
0 1069430 1066869
0 1069431 1066869
0 1069432 1066869
0 1069433 1066869
0 1069434 1066869
0 1069435 1066869
0 1069436 1066869
0 1069437 1066869
0 1069438 1066869
0 1069439 1066869
0 1069440 1066869
0 1069441 1066869
0 1069442 1066869
0 1069443 1066869
0 1069444 1066869
0 1069445 1066869
0 1069446 1066869
0 1069447 1066869
0 1069448 1066869
0 1069449 1066869
0 1069450 1066869
0 1069451 1066869
0 1069452 1066869
0 1069453 1066869
0 1069454 1066869
0 1069455 1066869
0 1069456 1066869
0 1069457 1066869
0 1069458 1066869
0 1069459 1066869
0 1069460 1066869
0 1069461 1066869
0 1069462 1066869
0 1069463 1066869
0 1069464 1066869
0 1069465 1066869
0 1069466 1066869
0 1069467 1066869
0 1069468 1066869
0 1069469 1066869
0 1069470 1066869
0 1069471 1066869
0 1069472 1066869
0 1069473 1066869
0 1069474 1066869
0 1069475 1066869
0 1069476 1066869
0 1069477 1066869
0 1069478 1066869
0 1069479 1066869
0 1069480 1066869
0 1069481 1066869
0 1069482 1066869
0 1069483 1066869
0 1069484 1066869
0 1069485 1066869
0 1069486 1066869
0 1069487 1066869
0 1069488 1066869
0 1069489 1066869
0 1069490 1066869
0 1069491 1066869
0 1069492 1066869
0 1069493 1066869
0 1069494 1066869
0 1069495 1066869
0 1069496 1066869
0 1069497 1066869
0 1069498 1066869
0 1069499 1066869
0 1069500 1066869
0 1069501 1066869
0 1069502 1066869
0 1069503 1066869
0 1069504 1066869
0 1069505 1066869
0 1069506 1066869
0 1069507 1066869
0 1069508 1066869
0 1069509 1066869
0 1069510 1066869
0 1069511 1066869
0 1069512 1066869
0 1069513 1066869
1066870 1066870 1066810
0 1069514 1066870
0 1069515 1066870
0 1069516 1066870
0 1069517 1066870
0 1069518 1066870
0 1069519 1066870
0 1069520 1066870
0 1069521 1066870
0 1069522 1066870
0 1069523 1066870
0 1069524 1066870
0 1069525 1066870
0 1069526 1066870
0 1069527 1066870
0 1069528 1066870
0 1069529 1066870
0 1069530 1066870
0 1069531 1066870
0 1069532 1066870
0 1069533 1066870
0 1069534 1066870
0 1069535 1066870
0 1069536 1066870
0 1069537 1066870
0 1069538 1066870
0 1069539 1066870
0 1069540 1066870
0 1069541 1066870
0 1069542 1066870
0 1069543 1066870
0 1069544 1066870
0 1069545 1066870
0 1069546 1066870
0 1069547 1066870
0 1069548 1066870
0 1069549 1066870
0 1069550 1066870
0 1069551 1066870
0 1069552 1066870
0 1069553 1066870
0 1069554 1066870
0 1069555 1066870
0 1069556 1066870
0 1069557 1066870
0 1069558 1066870
0 1069559 1066870
0 1069560 1066870
0 1069561 1066870
0 1069562 1066870
0 1069563 1066870
0 1069564 1066870
0 1069565 1066870
0 1069566 1066870
0 1069567 1066870
0 1069568 1066870
0 1069569 1066870
0 1069570 1066870
0 1069571 1066870
0 1069572 1066870
0 1069573 1066870
0 1069574 1066870
0 1069575 1066870
0 1069576 1066870
0 1069577 1066870
0 1069578 1066870
0 1069579 1066870
0 1069580 1066870
0 1069581 1066870
0 1069582 1066870
0 1069583 1066870
0 1069584 1066870
0 1069585 1066870
0 1069586 1066870
0 1069587 1066870
0 1069588 1066870
0 1069589 1066870
0 1069590 1066870
0 1069591 1066870
0 1069592 1066870
0 1069593 1066870
0 1069594 1066870
0 1069595 1066870
0 1069596 1066870
0 1069597 1066870
0 1069598 1066870
0 1069599 1066870
0 1069600 1066870
0 1069601 1066870
0 1069602 1066870
0 1069603 1066870
0 1069604 1066870
0 1069605 1066870
0 1069606 1066870
0 1069607 1066870
0 1069608 1066870
0 1069609 1066870
0 1069610 1066870
0 1066873 1066810
0 1066874 1066810
1066871 1066871 1066810
0 1069611 1066871
0 1069612 1066871
0 1069613 1066871
0 1069614 1066871
0 1069615 1066871
0 1069616 1066871
0 1069617 1066871
0 1069618 1066871
0 1069619 1066871
0 1069620 1066871
0 1069621 1066871
0 1069622 1066871
0 1069623 1066871
0 1069624 1066871
0 1069625 1066871
0 1069626 1066871
0 1069627 1066871
0 1069628 1066871
0 1069629 1066871
0 1069630 1066871
0 1069631 1066871
0 1069632 1066871
0 1069633 1066871
0 1069634 1066871
0 1069635 1066871
0 1069636 1066871
0 1069637 1066871
0 1069638 1066871
0 1069639 1066871
0 1069640 1066871
0 1069641 1066871
0 1069642 1066871
0 1069643 1066871
0 1069644 1066871
0 1069645 1066871
0 1069646 1066871
0 1069647 1066871
0 1069648 1066871
0 1069649 1066871
0 1069650 1066871
0 1069651 1066871
0 1069652 1066871
0 1069653 1066871
0 1069654 1066871
0 1069655 1066871
0 1069656 1066871
0 1069657 1066871
0 1069658 1066871
0 1069659 1066871
0 1069660 1066871
0 1069661 1066871
0 1069662 1066871
0 1069663 1066871
0 1069664 1066871
0 1069665 1066871
0 1069666 1066871
0 1069667 1066871
0 1069668 1066871
0 1069669 1066871
0 1069670 1066871
0 1069671 1066871
0 1069672 1066871
0 1069673 1066871
0 1069674 1066871
0 1069675 1066871
0 1069676 1066871
0 1069677 1066871
0 1069678 1066871
0 1069679 1066871
0 1069680 1066871
0 1069681 1066871
0 1069682 1066871
0 1069683 1066871
0 1069684 1066871
0 1069685 1066871
0 1069686 1066871
0 1069687 1066871
0 1069688 1066871
0 1069689 1066871
0 1069690 1066871
0 1069691 1066871
0 1069692 1066871
0 1069693 1066871
0 1069694 1066871
0 1069695 1066871
0 1069696 1066871
0 1069697 1066871
0 1069698 1066871
0 1069699 1066871
0 1069700 1066871
0 1069701 1066871
0 1069702 1066871
0 1069703 1066871
0 1069704 1066871
0 1069705 1066871
0 1069706 1066871
0 1069707 1066871
0 1066875 1066810
1066872 1066872 1066810
0 1069708 1066872
0 1069709 1066872
0 1069710 1066872
0 1069711 1066872
0 1069712 1066872
0 1069713 1066872
0 1069714 1066872
0 1069715 1066872
0 1069716 1066872
0 1069717 1066872
0 1069718 1066872
0 1069719 1066872
0 1069720 1066872
0 1069721 1066872
0 1069722 1066872
0 1069723 1066872
0 1069724 1066872
0 1069725 1066872
0 1069726 1066872
0 1069727 1066872
0 1069728 1066872
0 1069729 1066872
0 1069730 1066872
0 1069731 1066872
0 1069732 1066872
0 1069733 1066872
0 1069734 1066872
0 1069735 1066872
0 1069736 1066872
0 1069737 1066872
0 1069738 1066872
0 1069739 1066872
0 1069740 1066872
0 1069741 1066872
0 1069742 1066872
0 1069743 1066872
0 1069744 1066872
0 1069745 1066872
0 1069746 1066872
0 1069747 1066872
0 1069748 1066872
0 1069749 1066872
0 1069750 1066872
0 1069751 1066872
0 1069752 1066872
0 1069753 1066872
0 1069754 1066872
0 1069755 1066872
0 1069756 1066872
0 1069757 1066872
0 1069758 1066872
0 1069759 1066872
0 1069760 1066872
0 1069761 1066872
0 1069762 1066872
0 1069763 1066872
0 1069764 1066872
0 1069765 1066872
0 1069766 1066872
0 1069767 1066872
0 1069768 1066872
0 1069769 1066872
0 1069770 1066872
0 1069771 1066872
0 1069772 1066872
0 1069773 1066872
0 1069774 1066872
0 1069775 1066872
0 1069776 1066872
0 1069777 1066872
0 1069778 1066872
0 1069779 1066872
0 1069780 1066872
0 1069781 1066872
0 1069782 1066872
0 1069783 1066872
0 1069784 1066872
0 1069785 1066872
0 1069786 1066872
0 1069787 1066872
0 1069788 1066872
0 1069789 1066872
0 1069790 1066872
0 1069791 1066872
0 1069792 1066872
0 1069793 1066872
0 1069794 1066872
0 1069795 1066872
0 1069796 1066872
0 1069797 1066872
0 1069798 1066872
0 1069799 1066872
0 1069800 1066872
0 1069801 1066872
0 1069802 1066872
0 1069803 1066872
0 1069804 1066872
0 814097 1416014
0 814085 1416014
814089 814089 1416014
814089 814139 1416014
0 1054134 814089
0 1054135 814089
0 1054133 814089
1052881 1052881 814089
0 1052887 1052881
1052882 1052882 1052881
1052882 1069869 1052881
1052882 1069870 1052881
0 1052890 1052882
0 1052891 1052882
0 1052892 1052882
0 1052893 1052882
0 1052894 1052882
0 1052895 1052882
0 1050579 1052882
0 1052896 1052882
0 1052897 1052882
0 1052898 1052882
0 1052899 1052882
0 1052900 1052882
0 1052901 1052882
0 1052902 1052882
0 1052903 1052882
0 1052904 1052882
0 1052905 1052882
0 1052906 1052882
0 1052907 1052882
0 1052908 1052882
1052883 1052883 1052881
0 1052918 1052883
0 1052919 1052883
0 1052920 1052883
0 1052932 1052883
0 1052922 1052883
0 1052921 1052883
0 1052927 1052883
0 1052928 1052883
0 1052923 1052883
0 1052924 1052883
0 1052925 1052883
0 1052926 1052883
0 1052929 1052883
0 1052930 1052883
0 1052931 1052883
1052884 1052884 1052881
0 1052933 1052884
0 1052934 1052884
0 1052935 1052884
0 1052938 1052884
0 1052939 1052884
0 1052940 1052884
0 1052936 1052884
0 1052945 1052884
0 1052946 1052884
0 1052941 1052884
0 1052942 1052884
0 1052943 1052884
0 1052947 1052884
0 1052948 1052884
0 1052949 1052884
0 1052944 1052884
0 1052950 1052884
0 1052937 1052884
0 1052951 1052884
1052885 1052885 1052881
0 1069886 1052885
0 1052952 1052885
0 1052953 1052885
0 1052956 1052885
0 1052957 1052885
0 1069890 1052885
0 1069893 1052885
0 1069900 1052885
0 1125689 1052885
0 1052962 1052885
0 1052958 1052885
0 1052959 1052885
0 1052960 1052885
0 1052961 1052885
0 1052954 1052885
0 1052955 1052885
1052886 1052886 1052881
0 1052964 1052886
0 1052965 1052886
0 1052968 1052886
0 1052876 1052886
0 1052973 1052886
0 1052969 1052886
0 1052970 1052886
0 1052971 1052886
0 1052972 1052886
0 1052966 1052886
0 1052974 1052886
0 1052967 1052886
0 814143 1416014
0 814093 1416014
0 814145 1416014
0 814095 1416014
0 814086 1416014
814094 814094 1416014
814094 814144 1416014
0 814156 814094
0 814083 1416014
0 814087 1416014
0 814090 1416014
814091 814091 1416014
814091 814146 1416014
0 1000975 814091
0 814088 1416014
0 814138 1416014
0 814137 1416014
0 814140 1416014
0 1069822 1416014
814096 814096 1416014
814096 814134 1416014
814098 814098 1416014
0 814131 814098
0 814102 814098
0 814103 814098
0 814130 814098
0 814132 814098
814135 814135 814096
0 814151 814135
0 814150 814135
814136 814136 814096
0 814149 814136
0 814147 1416014
