1014036 1014036 1014036
1014036 1525256 1014036
1014036 1605099 1014036
1014036 254 1014036
1014036 267528 1014036
1014036 26837 1014036
1014036 271902 1014036
1014036 318389 1014036
1014036 357875 1014036
1014036 358335 1014036
0 1667078 1667078
0 278 1667078
1194632 1194632 1014036
1194632 1194644 1014036
1194632 1194645 1014036
1194632 1605102 1014036
1194632 1605103 1014036
0 305 1194632
0 327 1194632
0 319 1194632
0 326 1194632
0 308 1194632
0 289 1194632
0 280 1194632
1194627 1194627 1194632
0 1194630 1194627
0 1605120 1194627
0 1194628 1194627
0 1701978 1194627
0 1194629 1194627
0 1701979 1194627
0 1194648 1194627
1194649 1194649 1194627
0 1194651 1194649
0 1194654 1194627
0 1194655 1194627
0 1194656 1194627
0 1605209 1194627
0 1605210 1194627
1194657 1194657 1194627
0 1194668 1194657
1194663 1194663 1194657
1194670 1194670 1194663
0 1194671 1194670
1194665 1194665 1194663
0 1194666 1194665
0 1194667 1194665
0 1194677 1194665
1194672 1194672 1194663
0 1194673 1194672
0 1194674 1194672
1701984 1701984 1194663
0 1701985 1701984
1701986 1701986 1194663
0 1701987 1701986
0 1701988 1701986
0 1701989 1701986
1701990 1701990 1194663
0 1701991 1701990
0 1701992 1701990
0 1701993 1701990
0 1701994 1701990
0 1701995 1701990
0 1701996 1701990
0 1701997 1701990
0 1701998 1701990
1194675 1194675 1194663
0 1194676 1194675
0 1194664 1194663
0 1194658 1194657
0 1194660 1194657
0 1194659 1194657
0 1194661 1194657
0 1701980 1194657
0 1194662 1194657
1194635 1194635 1194627
0 1194647 1194635
0 1194643 1194635
1194636 1194636 1194635
1194639 1194639 1194636
1194639 1195558 1194636
1194639 1702133 1194636
1195554 1195554 1194636
0 1195557 1195554
0 1195555 1195554
0 1195556 1195554
0 1194641 1194639
0 1195561 1194639
0 1702136 1194639
0 1194640 1194639
0 1195559 1194639
0 1702134 1194639
0 1194642 1194639
0 1195560 1194639
0 1702135 1194639
1194637 1194637 1194635
0 1194638 1194637
0 1194631 1194627
1194650 1194650 1194627
0 1605193 1194650
1605142 1605142 1194650
0 1605225 1605142
0 1605226 1605142
0 1605231 1605142
1605141 1605141 1194650
0 1605192 1605141
0 1605144 1605141
0 1605149 1605141
0 1605158 1605141
0 1605159 1605141
0 1605160 1605141
0 1605161 1605141
0 1605162 1605141
0 1605163 1605141
0 1605164 1605141
0 1605165 1605141
0 1605166 1605141
0 1605167 1605141
0 1605150 1605141
0 1605168 1605141
0 1605169 1605141
0 1605170 1605141
0 1605171 1605141
0 1605172 1605141
0 1605173 1605141
0 1605174 1605141
0 1605175 1605141
0 1605176 1605141
0 1605177 1605141
0 1605151 1605141
0 1605178 1605141
0 1605179 1605141
0 1605180 1605141
0 1605181 1605141
0 1605182 1605141
0 1605183 1605141
0 1605184 1605141
0 1605185 1605141
0 1605186 1605141
0 1605187 1605141
0 1605152 1605141
0 1605188 1605141
0 1605189 1605141
0 1605190 1605141
0 1605153 1605141
0 1605154 1605141
0 1605155 1605141
0 1605156 1605141
0 1605157 1605141
0 1605233 1194650
0 1605140 1194650
0 1605143 1194650
0 1605232 1194650
0 1605108 1194627
0 1702006 1194627
1605114 1605114 1194627
0 1605125 1605114
0 1605126 1605114
0 1605127 1605114
0 1605128 1605114
0 1702052 1605114
0 1605124 1605114
0 1605234 1605114
0 1605107 1194627
0 1605111 1194627
0 1605117 1194627
0 1605115 1194627
0 1605109 1194627
0 1605110 1194627
0 1605106 1194627
0 1605113 1194627
0 1605118 1194627
0 1605112 1194627
0 1605116 1194627
0 1702007 1194627
0 283 1194632
0 282 282
0 325 282
1002884 1002884 1014036
0 272 1002884
274 274 1002884
778700 778700 274
0 778701 778700
0 778702 778700
0 778705 778700
0 778704 778700
0 778703 778700
0 778707 778700
0 778706 778700
0 778708 778700
0 330 1002884
0 301 1002884
1002883 1002883 1002884
0 1002888 1002883
0 1002889 1002883
0 1002893 1002883
0 1002890 1002883
0 1002891 1002883
0 1002894 1002883
0 1002892 1002883
1003641 1003641 1002883
0 1003681 1003641
1003642 1003642 1003641
0 1003648 1003642
0 1003647 1003642
0 1003645 1003642
0 1003643 1003642
0 1003646 1003642
0 1003644 1003642
1003682 1003682 1003641
0 1003716 1003682
0 1003718 1003682
0 1003683 1003682
0 1003686 1003682
0 1003714 1003682
1003691 1003691 1003682
0 1003692 1003691
0 1003693 1003691
0 1003694 1003691
0 1003695 1003691
0 1003696 1003691
0 1003697 1003691
0 1003698 1003691
0 1003699 1003691
0 1003700 1003691
0 1003701 1003691
0 1003702 1003691
0 1003703 1003691
0 1003704 1003691
0 1003705 1003691
0 1003706 1003691
0 1003707 1003691
0 1003708 1003691
0 1003709 1003691
0 1003710 1003691
0 1003711 1003691
0 1003684 1003682
0 1003712 1003682
0 1003687 1003682
0 1003713 1003682
0 1003717 1003682
0 1003715 1003682
0 1003690 1003682
0 1003689 1003682
0 1003685 1003682
0 1003688 1003682
1003649 1003649 1003641
0 1003678 1003649
0 1003677 1003649
0 1003655 1003649
0 1003656 1003649
0 1003650 1003649
0 1003653 1003649
0 1003676 1003649
0 1003680 1003649
1003657 1003657 1003649
0 1003658 1003657
0 1003659 1003657
0 1003660 1003657
0 1003661 1003657
0 1003662 1003657
0 1003673 1003657
0 1003674 1003657
0 1003663 1003657
0 1003664 1003657
0 1003665 1003657
0 1003666 1003657
0 1003667 1003657
0 1003668 1003657
0 1003669 1003657
0 1003670 1003657
0 1003671 1003657
0 1003675 1003657
0 1003672 1003657
0 1003652 1003649
0 1003654 1003649
0 1003651 1003649
0 1003679 1003649
1002895 1002895 1002883
1002896 1002896 1002895
0 1002898 1002896
0 1002897 1002896
1002899 1002899 1002896
1003187 1003187 1002899
0 1003191 1003187
0 1003188 1003187
0 1003189 1003187
0 1003190 1003187
0 1003193 1003187
0 1003192 1003187
1002900 1002900 1002899
0 1003138 1002900
0 1003131 1002900
0 1003013 1002900
0 1003014 1002900
0 1003015 1002900
0 1003010 1002900
0 1003016 1002900
0 1003017 1002900
0 1003018 1002900
0 1003019 1002900
0 1003020 1002900
0 1003021 1002900
0 1003022 1002900
0 1003023 1002900
0 1003144 1002900
0 1003129 1002900
0 1003145 1002900
0 1003169 1002900
0 1003140 1002900
0 1003024 1002900
0 1003029 1002900
0 1003025 1002900
0 1003031 1002900
0 1003027 1002900
0 1003033 1002900
0 1003026 1002900
0 1003011 1002900
0 1003146 1002900
0 1003124 1002900
0 1003186 1002900
0 1003035 1002900
0 1003036 1002900
0 1003032 1002900
0 1003037 1002900
0 1003170 1002900
1002901 1002901 1002900
0 1003040 1002900
0 1003041 1002900
0 1003030 1002900
0 1002977 1002901
0 1002978 1002901
0 1002979 1002901
0 1002980 1002901
0 1002981 1002901
0 1002982 1002901
0 1002983 1002901
0 1002984 1002901
0 1002990 1002901
0 1002991 1002901
0 1002992 1002901
0 1002993 1002901
0 1002994 1002901
0 1002995 1002901
0 1002996 1002901
0 1002997 1002901
0 1002998 1002901
0 1002999 1002901
0 1003007 1002901
0 1003000 1002901
0 1003001 1002901
0 1003002 1002901
0 1002985 1002901
0 1002986 1002901
0 1003006 1002901
0 1002987 1002901
0 1002988 1002901
0 1002902 1002901
0 1003004 1002901
0 1002903 1002901
0 1002904 1002901
0 1002905 1002901
0 1002906 1002901
0 1002907 1002901
0 1002908 1002901
0 1002909 1002901
0 1002910 1002901
0 1002911 1002901
0 1002912 1002901
0 1002913 1002901
0 1002914 1002901
0 1002915 1002901
0 1002916 1002901
0 1003005 1002901
0 1002917 1002901
0 1002918 1002901
0 1002919 1002901
0 1002920 1002901
0 1002921 1002901
0 1002922 1002901
0 1002923 1002901
0 1002924 1002901
0 1002925 1002901
0 1002926 1002901
0 1002927 1002901
0 1002928 1002901
0 1002929 1002901
0 1002930 1002901
0 1002931 1002901
0 1002932 1002901
0 1002933 1002901
0 1002934 1002901
0 1002935 1002901
0 1002936 1002901
0 1002937 1002901
0 1002938 1002901
0 1002939 1002901
0 1002940 1002901
0 1003008 1002901
0 1002941 1002901
0 1002942 1002901
0 1002943 1002901
0 1002944 1002901
0 1002945 1002901
0 1002946 1002901
0 1002947 1002901
0 1002948 1002901
0 1002949 1002901
0 1002950 1002901
0 1002951 1002901
0 1002952 1002901
0 1002953 1002901
0 1002989 1002901
0 1002954 1002901
0 1002955 1002901
0 1002956 1002901
0 1002957 1002901
0 1002958 1002901
0 1002959 1002901
0 1002960 1002901
0 1002961 1002901
0 1002962 1002901
0 1003003 1002901
0 1002963 1002901
0 1002964 1002901
0 1002965 1002901
0 1002966 1002901
0 1002967 1002901
0 1002968 1002901
0 1002969 1002901
0 1002970 1002901
0 1002971 1002901
0 1002972 1002901
0 1002973 1002901
0 1002974 1002901
0 1002975 1002901
0 1002976 1002901
0 1003157 1002900
0 1003042 1002900
0 1003043 1002900
0 1003044 1002900
0 1003045 1002900
0 1003046 1002900
0 1003047 1002900
0 1003048 1002900
0 1003049 1002900
0 1003012 1002900
0 1003038 1002900
0 1003050 1002900
0 1003136 1002900
0 1003051 1002900
0 1003052 1002900
0 1003053 1002900
0 1003054 1002900
0 1003034 1002900
0 1003055 1002900
0 1003058 1002900
0 1003039 1002900
0 1003056 1002900
0 1003147 1002900
0 1003148 1002900
0 1003061 1002900
0 1003062 1002900
0 1003028 1002900
0 1003063 1002900
0 1003064 1002900
0 1003065 1002900
0 1003066 1002900
0 1003137 1002900
0 1003067 1002900
0 1003068 1002900
0 1003069 1002900
0 1003070 1002900
0 1003071 1002900
0 1003072 1002900
0 1003073 1002900
0 1003074 1002900
0 1003075 1002900
0 1003173 1002900
0 1003060 1002900
0 1003149 1002900
0 1003077 1002900
0 1003179 1002900
0 1003078 1002900
0 1003079 1002900
0 1003181 1002900
0 1003080 1002900
0 1003171 1002900
0 1003082 1002900
0 1003176 1002900
0 1003156 1002900
0 1003083 1002900
0 1003141 1002900
0 1003085 1002900
0 1003086 1002900
0 1003174 1002900
0 1003183 1002900
0 1003087 1002900
0 1003088 1002900
0 1003076 1002900
0 1003090 1002900
0 1003152 1002900
0 1003089 1002900
0 1003158 1002900
0 1003154 1002900
0 1003159 1002900
0 1003162 1002900
0 1003163 1002900
0 1003164 1002900
0 1003091 1002900
0 1003139 1002900
0 1003165 1002900
0 1003093 1002900
0 1003095 1002900
0 1003096 1002900
0 1003097 1002900
0 1003098 1002900
0 1003094 1002900
0 1003092 1002900
0 1003081 1002900
0 1003101 1002900
0 1003099 1002900
0 1003100 1002900
0 1003132 1002900
0 1003166 1002900
0 1003133 1002900
0 1003167 1002900
0 1003104 1002900
0 1003105 1002900
0 1003103 1002900
0 1003102 1002900
0 1003107 1002900
0 1003106 1002900
0 1003108 1002900
0 1003109 1002900
0 1003150 1002900
0 1003110 1002900
0 1003057 1002900
0 1003084 1002900
0 1003059 1002900
0 1003112 1002900
0 1003113 1002900
0 1003114 1002900
0 1003185 1002900
0 1003143 1002900
0 1003134 1002900
0 1003111 1002900
0 1003153 1002900
0 1003155 1002900
0 1003161 1002900
0 1003180 1002900
0 1003151 1002900
0 1003184 1002900
0 1003182 1002900
0 1003172 1002900
0 1003178 1002900
0 1003160 1002900
0 1003115 1002900
0 1003142 1002900
0 1003168 1002900
0 1003117 1002900
0 1003118 1002900
0 1003116 1002900
0 1003135 1002900
0 1003175 1002900
0 1003009 1002900
0 1003119 1002900
0 1003120 1002900
0 1003123 1002900
0 1003121 1002900
0 1003177 1002900
0 1003125 1002900
0 1003126 1002900
0 1003127 1002900
0 1003128 1002900
0 1003122 1002900
0 1003130 1002900
1003226 1003226 1002899
0 1003247 1003226
0 1003248 1003226
0 1003249 1003226
0 1003250 1003226
0 1003251 1003226
0 1003232 1003226
0 1003233 1003226
0 1003228 1003226
0 1003229 1003226
0 1003245 1003226
0 1003244 1003226
0 1003243 1003226
0 1003242 1003226
0 1003241 1003226
0 1003246 1003226
0 1003236 1003226
0 1003235 1003226
0 1003240 1003226
0 1003237 1003226
0 1003230 1003226
0 1003231 1003226
0 1003239 1003226
0 1003227 1003226
0 1003234 1003226
0 1003238 1003226
1003252 1003252 1002899
0 1003253 1003252
1003194 1003194 1002899
0 1003219 1003194
0 1003209 1003194
0 1003210 1003194
0 1003211 1003194
0 1003224 1003194
0 1003208 1003194
0 1003212 1003194
0 1003213 1003194
0 1003214 1003194
0 1003215 1003194
0 1003216 1003194
0 1003220 1003194
0 1003221 1003194
0 1003222 1003194
0 1003223 1003194
0 1003217 1003194
0 1003225 1003194
1003195 1003195 1003194
0 1003201 1003195
0 1003202 1003195
0 1003197 1003195
0 1003196 1003195
0 1003198 1003195
0 1003203 1003195
0 1003204 1003195
0 1003205 1003195
0 1003206 1003195
0 1003199 1003195
0 1003200 1003195
0 1003207 1003195
0 1003218 1003194
1003254 1003254 1002899
0 1003258 1003254
0 1003255 1003254
0 1003256 1003254
0 1003257 1003254
0 1003261 1003254
0 1003262 1003254
0 1003259 1003254
0 1003260 1003254
0 1003263 1002896
1003264 1003264 1002895
1003335 1003335 1003264
0 1003464 1003335
1003465 1003465 1003335
1003466 1003466 1003465
0 1003467 1003466
0 1003468 1003466
0 1003469 1003466
0 1003470 1003466
0 1003471 1003466
0 1003472 1003466
0 1003473 1003466
0 1003474 1003466
0 1003475 1003466
0 1003476 1003466
0 1003477 1003466
0 1003478 1003466
0 1003479 1003466
0 1003480 1003466
0 1003481 1003466
0 1003482 1003466
0 1003483 1003466
0 1003484 1003466
0 1003485 1003466
0 1003486 1003466
0 1003487 1003466
0 1003488 1003466
0 1003489 1003466
0 1003490 1003466
0 1003491 1003466
0 1003492 1003466
1003493 1003493 1003465
0 1003494 1003493
0 1003495 1003493
0 1003496 1003493
0 1003497 1003493
0 1003498 1003493
0 1003499 1003493
0 1003500 1003493
0 1003501 1003493
0 1003502 1003493
0 1003503 1003493
0 1003504 1003493
0 1003505 1003493
0 1003506 1003493
0 1003507 1003493
0 1003508 1003493
0 1003509 1003493
0 1003510 1003493
0 1003511 1003493
0 1003512 1003493
0 1003513 1003493
0 1003514 1003493
0 1003515 1003493
0 1003516 1003493
0 1003517 1003493
0 1003518 1003493
0 1003519 1003493
0 1003520 1003493
0 1003521 1003493
0 1003522 1003493
0 1003523 1003493
0 1003524 1003493
1003525 1003525 1003335
0 1003526 1003525
0 1003527 1003525
0 1003528 1003525
1003336 1003336 1003335
0 1003463 1003336
1003458 1003458 1003336
0 1003461 1003458
0 1003462 1003458
0 1003460 1003458
0 1003459 1003458
0 1003454 1003336
0 1003450 1003336
0 1003451 1003336
0 1003452 1003336
0 1003453 1003336
0 1003455 1003336
1003337 1003337 1003336
0 1003456 1003336
1003338 1003338 1003337
0 1003339 1003338
0 1003340 1003338
0 1003341 1003338
0 1003342 1003338
0 1003343 1003338
0 1003344 1003338
0 1003345 1003338
0 1003346 1003338
0 1003347 1003338
1003348 1003348 1003337
1003358 1003358 1003348
0 1003361 1003358
0 1003359 1003358
0 1003360 1003358
0 1003363 1003358
0 1003362 1003358
0 1003349 1003348
0 1003350 1003348
0 1003351 1003348
0 1003352 1003348
0 1003353 1003348
0 1003354 1003348
0 1003355 1003348
0 1003356 1003348
0 1003357 1003348
1003364 1003364 1003337
0 1003365 1003364
0 1003366 1003364
0 1003367 1003364
0 1003368 1003364
0 1003369 1003364
0 1003370 1003364
0 1003371 1003364
0 1003372 1003364
0 1003373 1003364
1003374 1003374 1003337
0 1003375 1003374
0 1003376 1003374
0 1003377 1003374
0 1003378 1003374
1003379 1003379 1003337
0 1003380 1003379
0 1003381 1003379
0 1003382 1003379
0 1003383 1003379
1003384 1003384 1003337
1003389 1003389 1003384
0 1003393 1003389
0 1003403 1003389
0 1003392 1003389
1003394 1003394 1003389
0 1003395 1003394
0 1003402 1003389
0 1003401 1003389
0 1003391 1003389
0 1003396 1003389
0 1003390 1003389
0 1003398 1003389
0 1003400 1003389
0 1003399 1003389
0 1003397 1003389
1003404 1003404 1003384
0 1003406 1003404
0 1003407 1003404
0 1003405 1003404
0 1003408 1003404
0 1003385 1003384
0 1003386 1003384
0 1003387 1003384
0 1003388 1003384
1003409 1003409 1003337
1003415 1003415 1003409
0 1003430 1003415
0 1003433 1003415
0 1003416 1003415
1003422 1003422 1003415
0 1003423 1003422
0 1003424 1003422
0 1003429 1003415
0 1003428 1003415
0 1003421 1003415
0 1003420 1003415
0 1003418 1003415
0 1003434 1003415
0 1003419 1003415
0 1003417 1003415
0 1003426 1003415
0 1003425 1003415
0 1003427 1003415
0 1003431 1003415
1003435 1003435 1003415
0 1003440 1003435
0 1003436 1003435
0 1003441 1003435
0 1003438 1003435
0 1003437 1003435
0 1003439 1003435
0 1003432 1003415
0 1003410 1003409
0 1003411 1003409
0 1003412 1003409
0 1003413 1003409
0 1003414 1003409
0 1003449 1003337
1003442 1003442 1003337
0 1003443 1003442
0 1003444 1003442
0 1003445 1003442
0 1003448 1003442
0 1003446 1003442
0 1003447 1003442
0 1003457 1003336
1003529 1003529 1003335
0 1003530 1003529
0 1003532 1003529
0 1003533 1003529
0 1003531 1003529
1003534 1003534 1003335
0 1003535 1003534
0 1003536 1003534
1003537 1003537 1003335
0 1003538 1003537
0 1003539 1003537
0 1003540 1003537
0 1003541 1003537
0 1003542 1003537
0 1003543 1003537
1003544 1003544 1003335
1003545 1003545 1003544
0 1003546 1003545
0 1003547 1003545
0 1003548 1003545
0 1003549 1003545
0 1003550 1003545
0 1003551 1003545
0 1003552 1003545
0 1003553 1003545
0 1003554 1003545
0 1003555 1003545
0 1003556 1003545
0 1003557 1003545
0 1003558 1003545
0 1003559 1003545
0 1003560 1003545
0 1003561 1003545
1003562 1003562 1003544
0 1003563 1003562
0 1003564 1003562
0 1003565 1003562
0 1003566 1003562
0 1003567 1003562
1003568 1003568 1003335
1003569 1003569 1003568
0 1003570 1003569
0 1003571 1003569
0 1003572 1003569
0 1003573 1003569
0 1003574 1003569
0 1003575 1003569
0 1003576 1003569
0 1003577 1003569
0 1003578 1003569
0 1003579 1003569
0 1003580 1003569
0 1003581 1003569
0 1003582 1003569
0 1003583 1003569
0 1003584 1003569
0 1003585 1003569
0 1003586 1003569
0 1003587 1003569
0 1003588 1003569
0 1003589 1003569
0 1003590 1003569
0 1003591 1003569
0 1003592 1003569
0 1003593 1003569
0 1003594 1003569
0 1003595 1003569
0 1003596 1003569
0 1003597 1003569
1003598 1003598 1003568
0 1003599 1003598
0 1003600 1003598
0 1003601 1003598
0 1003602 1003598
0 1003603 1003598
0 1003604 1003598
0 1003605 1003598
0 1003606 1003598
0 1003607 1003598
0 1003608 1003598
0 1003609 1003598
0 1003610 1003598
0 1003611 1003598
0 1003612 1003598
0 1003613 1003598
0 1003614 1003598
0 1003615 1003598
0 1003616 1003598
0 1003617 1003598
0 1003618 1003598
0 1003619 1003598
0 1003620 1003598
0 1003621 1003598
0 1003622 1003598
0 1003623 1003598
0 1003624 1003598
0 1003625 1003598
0 1003626 1003598
0 1003627 1003598
0 1003628 1003598
0 1003629 1003598
0 1003630 1003598
0 1003631 1003598
0 1003632 1003598
0 1003633 1003598
0 1003634 1003598
0 1003635 1003598
0 1003636 1003598
0 1003637 1003264
1003265 1003265 1003264
0 1003284 1003265
0 1003280 1003265
0 1003278 1003265
1003287 1003287 1003265
0 1003300 1003287
0 1003301 1003287
1003288 1003288 1003287
0 1003298 1003288
0 1003299 1003288
0 1003297 1003288
0 1003289 1003288
0 1003290 1003288
0 1003291 1003288
0 1003292 1003288
0 1003293 1003288
0 1003294 1003288
0 1003295 1003288
0 1003296 1003288
0 1003266 1003265
0 1003281 1003265
0 1003283 1003265
0 1003279 1003265
1003302 1003302 1003265
0 1003303 1003302
0 1003304 1003302
0 1003305 1003302
0 1003333 1003302
0 1003312 1003302
0 1003313 1003302
0 1003310 1003302
0 1003311 1003302
0 1003317 1003302
0 1003318 1003302
0 1003316 1003302
0 1003320 1003302
0 1003315 1003302
0 1003322 1003302
0 1003323 1003302
0 1003321 1003302
0 1003319 1003302
0 1003314 1003302
0 1003328 1003302
0 1003329 1003302
0 1003334 1003302
0 1003330 1003302
0 1003331 1003302
0 1003306 1003302
0 1003332 1003302
0 1003307 1003302
0 1003326 1003302
0 1003327 1003302
0 1003325 1003302
0 1003324 1003302
0 1003308 1003302
0 1003309 1003302
0 1003267 1003265
1003268 1003268 1003265
0 1003273 1003268
0 1003274 1003268
0 1003270 1003268
0 1003271 1003268
0 1003276 1003268
0 1003277 1003268
0 1003272 1003268
0 1003275 1003268
0 1003269 1003268
0 1003286 1003265
0 1003285 1003265
0 1003282 1003265
1003638 1003638 1002883
1003639 1003639 1003638
0 1003640 1003639
0 1003719 1002883
0 302 1002884
0 296 1002884
0 1383481 1002884
0 341 1002884
285 285 1002884
0 1418874 285
0 1418875 285
0 1393843 1002884
0 281 1002884
0 331 1002884
0 339 339
0 287 339
0 297 339
