1014031 1014031 1014031
1014031 140 1014031
1014031 214920 1014031
1014031 292369 1014031
1014031 318381 1014031
1014031 85684 1014031
0 23204 1014031
2290 2290 1014031
2290 267541 1014031
0 231986 2290
0 267542 2290
0 267543 2290
0 641722 2290
0 267544 2290
0 641723 2290
0 267661 2290
2297 2297 2290
2297 267555 2290
0 267556 2297
0 626478 2297
0 1544827 2297
0 267557 2297
1544828 1544828 2297
1544828 267601 2297
0 267602 1544828
0 267603 1544828
0 267604 1544828
0 267605 1544828
0 267606 1544828
0 267607 1544828
0 267608 1544828
0 267609 1544828
0 267610 1544828
0 267611 1544828
0 267612 1544828
0 267613 1544828
0 267614 1544828
0 267615 1544828
0 267616 1544828
0 267617 1544828
0 267618 1544828
0 267619 1544828
0 267620 1544828
0 267621 1544828
0 267622 1544828
0 267623 1544828
0 267624 1544828
0 267625 1544828
0 267626 1544828
0 267627 1544828
0 267628 1544828
0 267629 1544828
0 267630 1544828
0 267631 1544828
0 267632 1544828
0 267633 1544828
0 267634 1544828
0 267635 1544828
0 2296 2297
0 267558 2297
0 1544829 2297
0 267559 2297
0 1544830 2297
0 267560 2297
0 1544837 2297
0 267561 2297
0 1544831 2297
0 267562 2297
0 1544832 2297
0 267563 2297
0 1544833 2297
0 267564 2297
0 1544834 2297
0 267565 2297
1544835 1544835 2297
1544835 267636 2297
0 267637 1544835
0 267638 1544835
0 267639 1544835
0 267640 1544835
0 267641 1544835
0 267642 1544835
0 267643 1544835
0 267644 1544835
0 267645 1544835
0 267646 1544835
0 267647 1544835
0 267648 1544835
0 267649 1544835
0 267650 1544835
0 267651 1544835
0 267652 1544835
0 267653 1544835
0 267654 1544835
0 267655 1544835
0 267656 1544835
0 267657 1544835
0 267658 1544835
0 267659 1544835
0 267660 1544835
1544836 1544836 2297
1544836 267566 2297
0 267567 1544836
0 267568 1544836
0 267569 1544836
0 267570 1544836
0 267571 1544836
0 267572 1544836
0 267573 1544836
0 267574 1544836
0 267575 1544836
0 267576 1544836
0 267577 1544836
0 267578 1544836
0 267579 1544836
0 267580 1544836
0 267581 1544836
0 267582 1544836
0 267583 1544836
0 267584 1544836
0 267585 1544836
0 267586 1544836
0 267587 1544836
0 267588 1544836
0 267589 1544836
0 267590 1544836
0 267591 1544836
0 267592 1544836
0 267593 1544836
0 267594 1544836
0 267595 1544836
0 267596 1544836
0 267597 1544836
0 267598 1544836
0 267599 1544836
0 267600 1544836
0 641724 2290
0 267545 2290
0 641725 2290
0 641726 2290
0 267546 2290
0 641727 2290
0 267547 2290
0 641728 2290
0 641729 2290
0 267548 2290
0 641730 2290
0 641731 2290
0 275138 2290
0 641743 2290
0 267549 2290
0 641732 2290
0 641744 2290
0 641745 2290
0 267662 2290
0 641733 2290
0 641734 2290
0 267663 2290
0 267550 2290
0 641735 2290
0 641736 2290
0 641737 2290
0 641738 2290
0 267551 2290
0 641739 2290
0 267552 2290
0 641740 2290
0 267553 2290
0 641741 2290
0 267554 2290
0 641742 2290
0 23205 1014031
0 23206 1014031
0 23202 1014031
23208 23208 1014031
0 641749 23208
0 641748 23208
0 641747 23208
0 641746 23208
0 641755 23208
0 641756 23208
0 641767 23208
0 641750 23208
0 641765 23208
0 641751 23208
0 641762 23208
0 641752 23208
0 641757 23208
0 641761 23208
0 641758 23208
0 641766 23208
0 641753 23208
0 641764 23208
0 641759 23208
0 641768 23208
0 641754 23208
0 641763 23208
0 641760 23208
0 23207 1014031
