0 1054588 1054588
0 216122 1054588
0 221890 1054588
0 26839 1054588
0 26841 1054588
0 26844 1054588
0 271002 1054588
0 271003 1054588
0 271897 1054588
0 292365 1054588
0 318387 1054588
0 357886 1054588
0 59416 1054588
0 1208088 1208088
0 616537 616537
0 616568 616568
0 616576 616576
0 616584 616584
0 616594 616594
0 616599 616599
0 616608 616608
0 616617 616617
0 616628 616628
0 616636 616636
0 616644 616644
0 616652 616652
0 616661 616661
0 616670 616670
0 616679 616679
0 616687 616687
0 616695 616695
0 616707 616707
0 616716 616716
0 616725 616725
0 616736 616736
0 616744 616744
0 616752 616752
0 616760 616760
0 616768 616768
0 616776 616776
0 616784 616784
0 616792 616792
0 616800 616800
0 616808 616808
0 616816 616816
0 616824 616824
0 616832 616832
0 616845 616845
0 616872 616872
0 616997 616997
0 617005 617005
0 616906 616906
0 617013 617013
0 617024 617024
0 617028 617028
0 617036 617036
0 617045 617045
0 617067 617067
0 617072 617072
0 617079 617079
0 617091 617091
0 617105 617105
0 617115 617115
0 617119 617119
0 617125 617125
0 617161 617161
0 617169 617169
0 617175 617175
0 617201 617201
0 617216 617216
0 617228 617228
0 1209002 1209002
0 614842 614842
0 614851 614851
0 614855 614855
0 614865 614865
0 614874 614874
0 614878 614878
0 614945 614945
0 614950 614950
0 614989 614989
0 614993 614993
0 614888 614888
0 614892 614892
0 615061 615061
0 615065 615065
0 615031 615031
0 615035 615035
0 613474 613474
