1416012 1416012 1416012
1416012 1501615 1416012
1416012 258 1416012
1416012 291978 1416012
1416012 356388 1416012
1416012 357882 1416012
1416012 418194 1416012
1416012 814280 1416012
1416012 814281 1416012
0 814276 1416012
814271 814271 1416012
1054131 1054131 814271
1054130 1054130 1054131
0 1054128 1054130
814279 814279 1416012
0 814283 814279
0 814284 814279
0 814285 814279
0 814441 814279
0 814286 814279
0 814287 814279
0 814288 814279
0 814555 814279
0 814562 814279
0 814603 814279
0 814617 814279
0 814588 814279
0 814273 1416012
0 814270 1416012
0 814277 1416012
0 814278 1416012
814274 814274 1416012
1000971 1000971 814274
0 1000973 1000971
0 1000972 1000971
0 814272 1416012
0 814275 1416012
