1416010 1416010 1416010
1416010 1501613 1416010
1416010 260 1416010
1416010 267537 1416010
1416010 291976 1416010
1416010 356386 1416010
1416010 357880 1416010
1416010 418192 1416010
1416010 626741 1416010
1416010 633400 1416010
1416010 662011 1416010
1416010 934560 1416010
1416010 670171 1416010
1416010 670172 1416010
0 1000970 1416010
0 662020 1416010
662018 662018 1416010
1066818 1066818 662018
1066819 1066819 1066818
0 1066820 1066819
0 662021 1416010
662023 662023 1416010
0 1069809 662023
0 662022 1416010
0 814155 1416010
0 662015 1416010
0 662024 1416010
662017 662017 1416010
955591 955591 662017
955590 955590 955591
955334 955334 955590
0 956266 955334
0 956259 955334
0 956255 955334
0 956265 955334
0 955730 955334
0 956261 955334
0 955741 955334
0 955742 955334
0 956267 955334
0 956268 955334
0 955711 955334
0 955749 955334
0 956257 955334
0 955735 955334
0 955736 955334
0 955712 955334
0 955743 955334
0 955744 955334
0 955745 955334
0 955746 955334
0 955747 955334
0 955748 955334
0 955750 955334
0 955751 955334
0 955752 955334
0 955753 955334
0 955754 955334
0 955755 955334
0 955756 955334
0 955757 955334
0 955758 955334
0 955759 955334
0 955760 955334
0 955761 955334
0 955762 955334
0 955763 955334
0 955764 955334
0 955765 955334
0 955766 955334
0 955767 955334
0 955768 955334
0 955769 955334
0 955772 955334
0 955773 955334
0 955774 955334
0 955775 955334
0 955776 955334
0 955777 955334
0 955778 955334
0 955779 955334
0 955780 955334
0 955781 955334
0 955782 955334
0 955783 955334
0 955784 955334
0 955785 955334
0 955786 955334
0 955787 955334
0 955788 955334
0 955789 955334
0 955790 955334
0 955791 955334
0 955792 955334
0 955793 955334
0 955794 955334
0 955795 955334
0 955796 955334
0 955797 955334
0 955798 955334
0 955799 955334
0 955800 955334
0 955801 955334
0 955802 955334
0 955803 955334
0 955804 955334
0 955805 955334
0 955806 955334
0 955807 955334
0 955810 955334
0 955811 955334
0 955812 955334
0 955813 955334
0 955814 955334
0 955815 955334
0 955816 955334
0 955817 955334
0 955818 955334
0 955819 955334
955592 955592 955334
0 955594 955592
0 955618 955592
0 955611 955592
0 955612 955592
0 955646 955592
0 955629 955592
0 955631 955592
0 955642 955592
0 955621 955592
0 955628 955592
0 955653 955592
0 955596 955592
0 955607 955592
0 955608 955592
0 955617 955592
0 955604 955592
0 955637 955592
0 955598 955592
0 955599 955592
0 955634 955592
0 955635 955592
0 955597 955592
0 955625 955592
0 955636 955592
0 955624 955592
0 955626 955592
0 955614 955592
0 955622 955592
0 955651 955592
0 955606 955592
0 955605 955592
0 955643 955592
0 955649 955592
0 955603 955592
0 955638 955592
0 955644 955592
0 955632 955592
0 955639 955592
0 955615 955592
0 955616 955592
0 955595 955592
0 955601 955592
0 955600 955592
0 955623 955592
0 955652 955592
0 955645 955592
0 955627 955592
0 955630 955592
0 955619 955592
0 955620 955592
0 955648 955592
0 955650 955592
0 955602 955592
0 955640 955592
0 955647 955592
0 955633 955592
0 955641 955592
0 955613 955592
0 955609 955592
0 955610 955592
955593 955593 955334
0 955654 955593
0 955663 955593
0 955658 955593
0 955701 955593
0 955682 955593
0 955695 955593
0 955690 955593
0 955679 955593
0 955681 955593
0 955709 955593
0 955676 955593
0 955656 955593
0 955662 955593
0 955673 955593
0 955688 955593
0 955665 955593
0 955666 955593
0 955689 955593
0 955686 955593
0 955664 955593
0 955684 955593
0 955687 955593
0 955683 955593
0 955685 955593
0 955660 955593
0 955677 955593
0 955708 955593
0 955667 955593
0 955668 955593
0 955703 955593
0 955693 955593
0 955672 955593
0 955691 955593
0 955705 955593
0 955697 955593
0 955696 955593
0 955661 955593
0 955655 955593
0 955675 955593
0 955670 955593
0 955678 955593
0 955704 955593
0 955706 955593
0 955680 955593
0 955694 955593
0 955669 955593
0 955671 955593
0 955707 955593
0 955698 955593
0 955674 955593
0 955699 955593
0 955702 955593
0 955700 955593
0 955692 955593
0 955659 955593
0 955657 955593
0 955820 955334
0 955821 955334
0 955824 955334
0 955825 955334
0 955826 955334
0 955827 955334
0 955828 955334
0 955829 955334
0 955830 955334
0 955831 955334
0 955713 955334
0 955714 955334
0 955715 955334
0 955834 955334
0 955835 955334
0 955836 955334
0 955837 955334
0 955838 955334
0 955716 955334
0 955717 955334
0 955718 955334
0 955719 955334
0 955720 955334
0 955839 955334
0 955840 955334
0 955721 955334
0 955841 955334
0 955842 955334
0 955722 955334
0 955723 955334
0 955843 955334
0 955844 955334
0 955808 955334
0 955809 955334
0 955832 955334
0 955833 955334
0 955855 955334
0 955845 955334
0 955846 955334
0 955847 955334
0 955848 955334
0 955849 955334
0 955850 955334
0 955851 955334
0 955852 955334
0 955853 955334
0 955854 955334
0 955856 955334
0 955857 955334
0 955858 955334
0 955859 955334
0 955860 955334
0 955861 955334
0 955868 955334
0 955862 955334
0 955863 955334
0 955864 955334
0 955865 955334
0 955866 955334
0 955867 955334
0 955732 955334
0 955770 955334
0 955771 955334
0 955869 955334
0 955870 955334
0 955871 955334
0 955872 955334
0 955873 955334
0 955874 955334
0 955875 955334
0 955876 955334
0 955877 955334
0 955878 955334
0 955879 955334
0 955880 955334
0 955881 955334
0 955882 955334
0 955883 955334
0 955884 955334
0 955885 955334
0 955886 955334
0 955887 955334
0 955888 955334
0 955889 955334
0 955890 955334
0 955891 955334
0 955892 955334
0 955893 955334
0 955894 955334
0 955724 955334
0 955895 955334
0 955896 955334
0 955897 955334
0 955898 955334
0 955899 955334
0 955900 955334
0 955901 955334
0 955902 955334
0 955903 955334
0 955904 955334
0 955905 955334
0 955906 955334
0 955907 955334
0 955908 955334
0 955909 955334
0 955910 955334
0 955911 955334
0 955912 955334
0 955913 955334
0 955914 955334
0 955915 955334
0 955916 955334
0 955726 955334
0 955917 955334
0 955918 955334
0 955919 955334
0 955920 955334
0 955822 955334
0 955823 955334
0 955921 955334
0 955922 955334
0 955923 955334
0 955924 955334
0 955925 955334
0 955926 955334
0 955927 955334
0 955928 955334
0 955929 955334
0 955930 955334
0 955931 955334
0 955932 955334
0 955933 955334
0 955934 955334
0 955935 955334
0 955936 955334
0 955937 955334
0 955938 955334
0 955939 955334
0 955940 955334
0 955941 955334
0 955942 955334
0 955943 955334
0 955944 955334
0 955945 955334
0 955946 955334
0 955947 955334
0 955948 955334
0 955949 955334
0 955950 955334
0 955951 955334
0 955952 955334
0 955953 955334
0 955954 955334
0 955955 955334
0 955956 955334
0 955957 955334
0 955958 955334
0 956229 955334
0 955959 955334
0 955960 955334
0 955961 955334
0 955962 955334
0 955725 955334
0 955963 955334
0 955964 955334
0 955965 955334
0 955966 955334
0 955967 955334
0 955968 955334
0 955969 955334
0 955970 955334
0 955971 955334
0 955972 955334
0 955973 955334
0 955974 955334
0 955975 955334
0 955976 955334
0 955977 955334
0 955978 955334
0 955979 955334
0 955980 955334
0 955981 955334
0 955982 955334
0 955983 955334
0 955984 955334
0 955985 955334
0 955986 955334
0 955987 955334
0 955988 955334
0 955989 955334
0 955990 955334
0 955991 955334
0 955992 955334
0 955993 955334
0 955994 955334
0 955995 955334
0 955996 955334
0 955997 955334
0 955998 955334
0 955999 955334
0 956000 955334
0 956001 955334
0 956002 955334
0 956003 955334
0 956004 955334
0 956005 955334
0 956006 955334
0 956007 955334
0 956008 955334
0 956009 955334
0 956010 955334
0 956011 955334
0 956012 955334
0 956013 955334
0 956014 955334
0 956015 955334
0 956016 955334
0 956017 955334
0 956018 955334
0 956019 955334
0 956020 955334
0 956021 955334
0 956022 955334
0 956023 955334
0 956024 955334
0 956025 955334
0 956026 955334
0 956027 955334
0 956028 955334
0 956029 955334
0 956030 955334
0 956031 955334
0 956032 955334
0 956033 955334
0 956034 955334
0 956035 955334
0 956036 955334
0 956037 955334
0 956038 955334
0 956039 955334
0 956040 955334
0 956041 955334
0 956042 955334
0 956043 955334
0 956044 955334
0 956045 955334
0 956046 955334
0 956047 955334
0 956048 955334
0 956049 955334
0 956050 955334
0 956051 955334
0 956052 955334
0 956053 955334
0 956054 955334
0 956055 955334
0 956056 955334
0 956057 955334
0 956058 955334
0 956059 955334
0 956060 955334
0 956061 955334
0 956062 955334
0 956063 955334
0 956064 955334
0 956065 955334
0 956066 955334
0 956067 955334
0 956068 955334
0 956069 955334
0 956070 955334
0 956071 955334
0 956072 955334
0 956073 955334
0 956074 955334
0 956075 955334
0 956076 955334
0 956077 955334
0 956078 955334
0 956079 955334
0 956080 955334
0 956081 955334
0 956082 955334
0 956083 955334
0 956084 955334
0 956085 955334
0 956086 955334
0 956087 955334
0 956088 955334
0 956089 955334
0 956090 955334
0 956091 955334
0 956092 955334
0 956093 955334
0 956094 955334
0 956095 955334
0 956096 955334
0 956097 955334
0 956098 955334
0 956099 955334
0 956100 955334
0 956101 955334
0 956102 955334
0 956103 955334
0 956104 955334
0 956105 955334
0 956106 955334
0 956107 955334
0 956108 955334
0 956109 955334
0 956110 955334
0 956111 955334
0 956112 955334
0 956113 955334
0 956114 955334
0 956115 955334
0 956116 955334
0 956117 955334
0 956118 955334
0 956119 955334
0 956120 955334
0 956121 955334
0 956122 955334
0 956123 955334
0 956124 955334
0 956125 955334
0 956126 955334
0 956127 955334
0 956128 955334
0 956129 955334
0 956130 955334
0 955727 955334
0 956131 955334
0 956132 955334
0 956133 955334
0 956134 955334
0 956135 955334
0 956136 955334
0 956137 955334
0 956138 955334
0 956139 955334
0 956140 955334
0 956141 955334
0 956142 955334
0 956143 955334
0 956144 955334
0 956145 955334
0 956146 955334
0 956147 955334
0 956148 955334
0 956149 955334
0 956150 955334
0 956151 955334
0 956152 955334
0 956153 955334
0 956154 955334
0 955728 955334
0 956155 955334
0 956156 955334
0 956157 955334
0 956158 955334
0 956159 955334
0 956160 955334
0 956161 955334
0 956162 955334
0 956163 955334
0 956164 955334
0 956165 955334
0 956166 955334
0 956167 955334
0 956168 955334
0 956169 955334
0 956170 955334
0 956171 955334
0 956172 955334
0 956173 955334
0 956174 955334
0 956175 955334
0 956176 955334
0 956177 955334
0 956178 955334
0 956179 955334
0 956180 955334
0 956181 955334
0 956182 955334
0 956183 955334
0 956184 955334
0 956185 955334
0 956186 955334
0 956187 955334
0 956188 955334
0 956189 955334
0 956190 955334
0 956191 955334
0 956192 955334
0 956193 955334
0 956194 955334
0 956195 955334
0 956196 955334
0 955729 955334
0 956263 955334
0 956264 955334
0 956197 955334
0 956198 955334
0 956199 955334
0 956200 955334
0 956201 955334
0 956202 955334
0 956203 955334
0 956204 955334
0 956205 955334
0 956206 955334
0 956260 955334
0 956207 955334
0 956208 955334
0 956209 955334
0 956210 955334
0 955733 955334
0 956211 955334
0 956212 955334
0 956213 955334
0 956214 955334
0 956254 955334
0 956215 955334
0 956216 955334
0 955734 955334
0 956217 955334
0 956218 955334
0 956219 955334
0 956220 955334
0 956221 955334
0 956222 955334
0 956223 955334
0 956224 955334
0 956225 955334
0 956226 955334
0 956227 955334
0 956228 955334
0 956258 955334
0 956256 955334
0 955737 955334
0 956230 955334
0 956231 955334
0 955738 955334
0 956232 955334
0 956233 955334
0 956234 955334
0 956235 955334
0 955739 955334
0 956236 955334
0 956237 955334
0 956238 955334
0 956239 955334
0 956240 955334
0 956241 955334
0 956242 955334
0 956243 955334
0 955740 955334
0 956244 955334
0 956245 955334
0 955731 955334
0 956262 955334
0 956246 955334
0 956247 955334
0 956248 955334
0 956249 955334
0 956250 955334
0 956251 955334
0 956252 955334
0 956253 955334
0 955710 955590
662016 662016 1416010
0 1129640 662016
0 1129643 662016
0 1129645 662016
0 1129644 662016
0 1129642 662016
0 1129641 662016
0 662019 1416010
662025 662025 1416010
0 814148 662025
662026 662026 1416010
0 662032 662026
0 662525 662026
0 669312 662026
0 702577 662026
0 662027 662026
0 662565 662026
0 669310 662026
0 662034 662026
0 662523 662026
0 669298 662026
0 702576 662026
0 662028 662026
0 662512 662026
0 669297 662026
0 662033 662026
0 662510 662026
0 669299 662026
0 662035 662026
0 662511 662026
0 669301 662026
0 662029 662026
0 662513 662026
0 669300 662026
0 662036 662026
0 662566 662026
0 669309 662026
0 662047 662026
0 662516 662026
0 669306 662026
0 662040 662026
0 662567 662026
0 669316 662026
0 662043 662026
0 662568 662026
0 669320 662026
0 662039 662026
0 662517 662026
0 669304 662026
0 662041 662026
0 662519 662026
0 669308 662026
0 662038 662026
0 662527 662026
0 669318 662026
0 662030 662026
0 662514 662026
0 669303 662026
0 662049 662026
0 662526 662026
0 669311 662026
0 662051 662026
0 662529 662026
0 669317 662026
0 662042 662026
0 662528 662026
0 669321 662026
0 662044 662026
0 662531 662026
0 669322 662026
0 662037 662026
0 662524 662026
0 669302 662026
0 702578 662026
0 662046 662026
0 662530 662026
0 669305 662026
0 702579 662026
0 662045 662026
0 662521 662026
0 669314 662026
0 662052 662026
0 662522 662026
0 669319 662026
0 662048 662026
0 662518 662026
0 669313 662026
0 662050 662026
0 662520 662026
0 669315 662026
0 662031 662026
0 662515 662026
0 669307 662026
0 663241 662026
0 669331 662026
0 702590 662026
0 663242 662026
0 669338 662026
0 702606 662026
0 662988 662026
0 669340 662026
0 702605 662026
0 663247 662026
0 669332 662026
0 702598 662026
0 663249 662026
0 669339 662026
0 702596 662026
0 663243 662026
0 669344 662026
0 702589 662026
0 663252 662026
0 669333 662026
0 702603 662026
0 663248 662026
0 669341 662026
0 702597 662026
0 663254 662026
0 669352 662026
0 702592 662026
0 663251 662026
0 669343 662026
0 702602 662026
0 663258 662026
0 669349 662026
0 702607 662026
0 663255 662026
0 669347 662026
0 702604 662026
0 663264 662026
0 669351 662026
0 702609 662026
0 663253 662026
0 669334 662026
0 702591 662026
0 663259 662026
0 669335 662026
0 702608 662026
0 663245 662026
0 669345 662026
0 702599 662026
0 663250 662026
0 669348 662026
0 702601 662026
0 663262 662026
0 669336 662026
0 702594 662026
0 663268 662026
0 669342 662026
0 702600 662026
0 663005 662026
0 669346 662026
0 702610 662026
0 663006 662026
0 669350 662026
0 702613 662026
0 663270 662026
0 669354 662026
0 702612 662026
0 663272 662026
0 669356 662026
0 702614 662026
0 663263 662026
0 669353 662026
0 702593 662026
0 663269 662026
0 669355 662026
0 702595 662026
0 663267 662026
0 669337 662026
0 702611 662026
0 663315 662026
0 669372 662026
0 702637 662026
0 663324 662026
0 669375 662026
0 702646 662026
0 663322 662026
0 669373 662026
0 702629 662026
0 663323 662026
0 669364 662026
0 702647 662026
0 663316 662026
0 669382 662026
0 702628 662026
0 663317 662026
0 669370 662026
0 702635 662026
0 669365 662026
0 702650 662026
0 663314 662026
0 669363 662026
0 702636 662026
0 663326 662026
0 669379 662026
0 702642 662026
0 663320 662026
0 669366 662026
0 702641 662026
0 669369 662026
0 702645 662026
0 669386 662026
0 702631 662026
0 669388 662026
0 702633 662026
0 663318 662026
0 669374 662026
0 702640 662026
0 669377 662026
0 669367 662026
0 702652 662026
0 663313 662026
0 669371 662026
0 702638 662026
0 663325 662026
0 669378 662026
0 702643 662026
0 663319 662026
0 669381 662026
0 702644 662026
0 669384 662026
0 702649 662026
0 669387 662026
0 669376 662026
0 702630 662026
0 669380 662026
0 702632 662026
0 669389 662026
0 702634 662026
0 669390 662026
0 702639 662026
0 669383 662026
0 702648 662026
0 669385 662026
0 702651 662026
0 669368 662026
0 702653 662026
0 669408 662026
0 702672 662026
0 669398 662026
0 702669 662026
0 669402 662026
0 702683 662026
0 669407 662026
0 702671 662026
0 669400 662026
0 702680 662026
0 669401 662026
0 702673 662026
0 669412 662026
0 702675 662026
0 669406 662026
0 702670 662026
0 669410 662026
0 702678 662026
0 669419 662026
0 702679 662026
0 669423 662026
0 702687 662026
0 669403 662026
0 702689 662026
0 669405 662026
0 702682 662026
0 669413 662026
0 702674 662026
0 669417 662026
0 702677 662026
0 669399 662026
0 702681 662026
0 669411 662026
0 702691 662026
0 669416 662026
0 702676 662026
0 669421 662026
0 702684 662026
0 669404 662026
0 702688 662026
0 669409 662026
0 702692 662026
0 669414 662026
0 702693 662026
0 669418 662026
0 702694 662026
0 669415 662026
0 702686 662026
0 669420 662026
0 702690 662026
0 669422 662026
0 702685 662026
0 669442 662026
0 702709 662026
0 669452 662026
0 702721 662026
0 669443 662026
0 702711 662026
0 669441 662026
0 702722 662026
0 669457 662026
0 702710 662026
0 669454 662026
0 702723 662026
0 669444 662026
0 702724 662026
0 669440 662026
0 702730 662026
0 669458 662026
0 702725 662026
0 669447 662026
0 702732 662026
0 669451 662026
0 702733 662026
0 669460 662026
0 702713 662026
0 669462 662026
0 702716 662026
0 669445 662026
0 702712 662026
0 669449 662026
0 702726 662026
0 669453 662026
0 702731 662026
0 669461 662026
0 702734 662026
0 669448 662026
0 702715 662026
0 669456 662026
0 702718 662026
0 669446 662026
0 702714 662026
0 669450 662026
0 702717 662026
0 669464 662026
0 702719 662026
0 669465 662026
0 702720 662026
0 669459 662026
0 702727 662026
0 669463 662026
0 702729 662026
0 669455 662026
0 702728 662026
0 669469 662026
0 702747 662026
0 669481 662026
0 702749 662026
0 669472 662026
0 702752 662026
0 669482 662026
0 702750 662026
0 669483 662026
0 702748 662026
0 669491 662026
0 702765 662026
0 669484 662026
0 702754 662026
0 669471 662026
0 702751 662026
0 669492 662026
0 702768 662026
0 669475 662026
0 702756 662026
0 669478 662026
0 702761 662026
0 669485 662026
0 702757 662026
0 669487 662026
0 702760 662026
0 669473 662026
0 702753 662026
0 669486 662026
0 702759 662026
0 669470 662026
0 702766 662026
0 669474 662026
0 702769 662026
0 669477 662026
0 702758 662026
0 669480 662026
0 702763 662026
0 669476 662026
0 702755 662026
0 669479 662026
0 702762 662026
0 669489 662026
0 702767 662026
0 669490 662026
0 702770 662026
0 669493 662026
0 702771 662026
0 669494 662026
0 702772 662026
0 669488 662026
0 702764 662026
0 669502 662026
0 702790 662026
0 669522 662026
0 702793 662026
0 669505 662026
0 702794 662026
0 669503 662026
0 702787 662026
0 669504 662026
0 702788 662026
0 669500 662026
0 702792 662026
0 669507 662026
0 702795 662026
0 669501 662026
0 702789 662026
0 669508 662026
0 702802 662026
0 669509 662026
0 702798 662026
0 669516 662026
0 702805 662026
0 669511 662026
0 702797 662026
0 669515 662026
0 702800 662026
0 669506 662026
0 702796 662026
0 669513 662026
0 702804 662026
0 669520 662026
0 702791 662026
0 669524 662026
0 702799 662026
0 669512 662026
0 702803 662026
0 669518 662026
0 702809 662026
0 669510 662026
0 702801 662026
0 669517 662026
0 702807 662026
0 669523 662026
0 702810 662026
0 669525 662026
0 702812 662026
0 669514 662026
0 702806 662026
0 669521 662026
0 702811 662026
0 669519 662026
0 702808 662026
0 669545 662026
0 702824 662026
0 669544 662026
0 702823 662026
0 669543 662026
0 702827 662026
0 669537 662026
0 702836 662026
0 669546 662026
0 702838 662026
0 669553 662026
0 702826 662026
0 669539 662026
0 702841 662026
0 669554 662026
0 702825 662026
0 669557 662026
0 702830 662026
0 669558 662026
0 702829 662026
0 669561 662026
0 702834 662026
0 669548 662026
0 702843 662026
0 669550 662026
0 702845 662026
0 669547 662026
0 702828 662026
0 669541 662026
0 702844 662026
0 669538 662026
0 702837 662026
0 669540 662026
0 702842 662026
0 669549 662026
0 702831 662026
0 669552 662026
0 702835 662026
0 669551 662026
0 702832 662026
0 669555 662026
0 702839 662026
0 669556 662026
0 702847 662026
0 669559 662026
0 702848 662026
0 669560 662026
0 702833 662026
0 669562 662026
0 702840 662026
0 669542 662026
0 702846 662026
0 667952 662026
0 669578 662026
0 670863 662026
0 670865 662026
0 702917 662026
0 667950 662026
0 669591 662026
0 670856 662026
0 670857 662026
0 702919 662026
0 669588 662026
0 670858 662026
0 670859 662026
0 702916 662026
0 667953 662026
0 669586 662026
0 670832 662026
0 670833 662026
0 702920 662026
0 667942 662026
0 669593 662026
0 670836 662026
0 670837 662026
0 702932 662026
0 667951 662026
0 669579 662026
0 670861 662026
0 670864 662026
0 702921 662026
0 667954 662026
0 669589 662026
0 670838 662026
0 670839 662026
0 702924 662026
0 667949 662026
0 669592 662026
0 670834 662026
0 670835 662026
0 702915 662026
0 667956 662026
0 669580 662026
0 670869 662026
0 670870 662026
0 702926 662026
0 667955 662026
0 669598 662026
0 670841 662026
0 670843 662026
0 702918 662026
0 667960 662026
0 669601 662026
0 670848 662026
0 670849 662026
0 702928 662026
0 667945 662026
0 669599 662026
0 670840 662026
0 670842 662026
0 702936 662026
0 667946 662026
0 669600 662026
0 670846 662026
0 670847 662026
0 702938 662026
0 667957 662026
0 669581 662026
0 670871 662026
0 670872 662026
0 702922 662026
0 667958 662026
0 669594 662026
0 670844 662026
0 670845 662026
0 702929 662026
0 667964 662026
0 669587 662026
0 670860 662026
0 670862 662026
0 702933 662026
0 667966 662026
0 669595 662026
0 670873 662026
0 670874 662026
0 702937 662026
0 667961 662026
0 669583 662026
0 670880 662026
0 670881 662026
0 702925 662026
0 667965 662026
0 669585 662026
0 670884 662026
0 670885 662026
0 702930 662026
0 669590 662026
0 670866 662026
0 670867 662026
0 702923 662026
0 669596 662026
0 670875 662026
0 670877 662026
0 702927 662026
0 667947 662026
0 669602 662026
0 670852 662026
0 670853 662026
0 702939 662026
0 667948 662026
0 669603 662026
0 670854 662026
0 670855 662026
0 702940 662026
0 667959 662026
0 669582 662026
0 670878 662026
0 670879 662026
0 702931 662026
0 667963 662026
0 669584 662026
0 670882 662026
0 670883 662026
0 702935 662026
0 667962 662026
0 669597 662026
0 670850 662026
0 670851 662026
0 702934 662026
0 669616 662026
0 702971 662026
0 669618 662026
0 702988 662026
0 669625 662026
0 702974 662026
0 669627 662026
0 702973 662026
0 669626 662026
0 702985 662026
0 669617 662026
0 702972 662026
0 669630 662026
0 702975 662026
0 669615 662026
0 702984 662026
0 669621 662026
0 702976 662026
0 669619 662026
0 702989 662026
0 669622 662026
0 702992 662026
0 669631 662026
0 702990 662026
0 669636 662026
0 702993 662026
0 669620 662026
0 702979 662026
0 669634 662026
0 702980 662026
0 669629 662026
0 702970 662026
0 669635 662026
0 702978 662026
0 669623 662026
0 702983 662026
0 669632 662026
0 702991 662026
0 669633 662026
0 702977 662026
0 669637 662026
0 702982 662026
0 669639 662026
0 702994 662026
0 669640 662026
0 702995 662026
0 669624 662026
0 702981 662026
0 669628 662026
0 702987 662026
0 669638 662026
0 702986 662026
0 669665 662026
0 669655 662026
0 669663 662026
0 669664 662026
0 669662 662026
0 669656 662026
0 669669 662026
0 669661 662026
0 669658 662026
0 669668 662026
0 669673 662026
0 669666 662026
0 669670 662026
0 669671 662026
0 669674 662026
0 669657 662026
0 669659 662026
0 669676 662026
0 669680 662026
0 669672 662026
0 669677 662026
0 669675 662026
0 669679 662026
0 669660 662026
0 669667 662026
0 669678 662026
0 669690 662026
0 703087 662026
0 669685 662026
0 703084 662026
0 669692 662026
0 703075 662026
0 669694 662026
0 703088 662026
0 669695 662026
0 703076 662026
0 669691 662026
0 703086 662026
0 669700 662026
0 703092 662026
0 669686 662026
0 703083 662026
0 669697 662026
0 703091 662026
0 669687 662026
0 703089 662026
0 669688 662026
0 703093 662026
0 669701 662026
0 703077 662026
0 669705 662026
0 703078 662026
0 669693 662026
0 703094 662026
0 669703 662026
0 703096 662026
0 669689 662026
0 703085 662026
0 669696 662026
0 703090 662026
0 669699 662026
0 703097 662026
0 669706 662026
0 703100 662026
0 669698 662026
0 703079 662026
0 669704 662026
0 703081 662026
0 669709 662026
0 703080 662026
0 669710 662026
0 703082 662026
0 669702 662026
0 703095 662026
0 669707 662026
0 703098 662026
0 669708 662026
0 703099 662026
0 669892 662026
0 703157 662026
0 669893 662026
0 703151 662026
0 669898 662026
0 703160 662026
0 669891 662026
0 703159 662026
0 669886 662026
0 703152 662026
0 669885 662026
0 703158 662026
0 669896 662026
0 703161 662026
0 669897 662026
0 703164 662026
0 669889 662026
0 703167 662026
0 669905 662026
0 703170 662026
0 669909 662026
0 703175 662026
0 669887 662026
0 703153 662026
0 669888 662026
0 703154 662026
0 669899 662026
0 703162 662026
0 669906 662026
0 703169 662026
0 669890 662026
0 703163 662026
0 669900 662026
0 703168 662026
0 669902 662026
0 703165 662026
0 669907 662026
0 703171 662026
0 669904 662026
0 703166 662026
0 669908 662026
0 703172 662026
0 669894 662026
0 703155 662026
0 669903 662026
0 703156 662026
0 669895 662026
0 703173 662026
0 669901 662026
0 703176 662026
0 669910 662026
0 703174 662026
0 669945 662026
0 703221 662026
0 669946 662026
0 703227 662026
0 669939 662026
0 703223 662026
0 669947 662026
0 703222 662026
0 669948 662026
0 703228 662026
0 669944 662026
0 703215 662026
0 669952 662026
0 703224 662026
0 669938 662026
0 703216 662026
0 669951 662026
0 703219 662026
0 669940 662026
0 703217 662026
0 669941 662026
0 703218 662026
0 669953 662026
0 703233 662026
0 669958 662026
0 703237 662026
0 669954 662026
0 703225 662026
0 669956 662026
0 703231 662026
0 669943 662026
0 703226 662026
0 669949 662026
0 703234 662026
0 669957 662026
0 703232 662026
0 669960 662026
0 703236 662026
0 669942 662026
0 703230 662026
0 669950 662026
0 703238 662026
0 669962 662026
0 703239 662026
0 669963 662026
0 703240 662026
0 669955 662026
0 703220 662026
0 669961 662026
0 703229 662026
0 669959 662026
0 703235 662026
0 669979 662026
0 703271 662026
0 669982 662026
0 703273 662026
0 669977 662026
0 703272 662026
0 669983 662026
0 703276 662026
0 669970 662026
0 703274 662026
0 669978 662026
0 703270 662026
0 669985 662026
0 703280 662026
0 669971 662026
0 703265 662026
0 669984 662026
0 703279 662026
0 669973 662026
0 703268 662026
0 669975 662026
0 703269 662026
0 669972 662026
0 703275 662026
0 669974 662026
0 703278 662026
0 669989 662026
0 703281 662026
0 669991 662026
0 703285 662026
0 669981 662026
0 703266 662026
0 669986 662026
0 703267 662026
0 669992 662026
0 703286 662026
0 669995 662026
0 703289 662026
0 669980 662026
0 703277 662026
0 669988 662026
0 703282 662026
0 669976 662026
0 703284 662026
0 669987 662026
0 703290 662026
0 669990 662026
0 703283 662026
0 669994 662026
0 703288 662026
0 669993 662026
0 703287 662026
0 670065 662026
0 703355 662026
0 703384 662026
0 670063 662026
0 703354 662026
0 703383 662026
0 670062 662026
0 703351 662026
0 703380 662026
0 670066 662026
0 703348 662026
0 703377 662026
0 670061 662026
0 703356 662026
0 703385 662026
0 670057 662026
0 703349 662026
0 703378 662026
0 670069 662026
0 703352 662026
0 703381 662026
0 670064 662026
0 703359 662026
0 703388 662026
0 670058 662026
0 703353 662026
0 703382 662026
0 670071 662026
0 703366 662026
0 703395 662026
0 670076 662026
0 703370 662026
0 703399 662026
0 670067 662026
0 703363 662026
0 703392 662026
0 670070 662026
0 703367 662026
0 703396 662026
0 670073 662026
0 703364 662026
0 703393 662026
0 670074 662026
0 703358 662026
0 703387 662026
0 670056 662026
0 703350 662026
0 703379 662026
0 670059 662026
0 703357 662026
0 703386 662026
0 670078 662026
0 703369 662026
0 703398 662026
0 670081 662026
0 703372 662026
0 703401 662026
0 670072 662026
0 703361 662026
0 703390 662026
0 670077 662026
0 703365 662026
0 703394 662026
0 670075 662026
0 703371 662026
0 703400 662026
0 670080 662026
0 703373 662026
0 703402 662026
0 670060 662026
0 703360 662026
0 703389 662026
0 670068 662026
0 703368 662026
0 703397 662026
0 670079 662026
0 703362 662026
0 703391 662026
0 670141 662026
0 703435 662026
0 670137 662026
0 703444 662026
0 670144 662026
0 703447 662026
0 670142 662026
0 703436 662026
0 670138 662026
0 703445 662026
0 670143 662026
0 703442 662026
0 670145 662026
0 703437 662026
0 670148 662026
0 703443 662026
0 670149 662026
0 703449 662026
0 670159 662026
0 703456 662026
0 670162 662026
0 703459 662026
0 670139 662026
0 703450 662026
0 670140 662026
0 703453 662026
0 670150 662026
0 703438 662026
0 670155 662026
0 703439 662026
0 670147 662026
0 703448 662026
0 670152 662026
0 703452 662026
0 670154 662026
0 703440 662026
0 670158 662026
0 703446 662026
0 670156 662026
0 703454 662026
0 670161 662026
0 703458 662026
0 670146 662026
0 703457 662026
0 670153 662026
0 703460 662026
0 670151 662026
0 703451 662026
0 670157 662026
0 703455 662026
0 670160 662026
0 703441 662026
0 670187 662026
0 703475 662026
0 670182 662026
0 703476 662026
0 670181 662026
0 703479 662026
0 670186 662026
0 703477 662026
0 670180 662026
0 703480 662026
0 670176 662026
0 703471 662026
0 670190 662026
0 703481 662026
0 670188 662026
0 703472 662026
0 670177 662026
0 703473 662026
0 670199 662026
0 703487 662026
0 670200 662026
0 703492 662026
0 670183 662026
0 703483 662026
0 670189 662026
0 703489 662026
0 670193 662026
0 703484 662026
0 670194 662026
0 703488 662026
0 670175 662026
0 703478 662026
0 670178 662026
0 703482 662026
0 670195 662026
0 703490 662026
0 670197 662026
0 703495 662026
0 670184 662026
0 703485 662026
0 670191 662026
0 703491 662026
0 670192 662026
0 703494 662026
0 670198 662026
0 703496 662026
0 670179 662026
0 703474 662026
0 670185 662026
0 703486 662026
0 670196 662026
0 703493 662026
0 670238 662026
0 703522 662026
0 670236 662026
0 703516 662026
0 670230 662026
0 703529 662026
0 670224 662026
0 703527 662026
0 670231 662026
0 703517 662026
0 670225 662026
0 703521 662026
0 670226 662026
0 703532 662026
0 670237 662026
0 703528 662026
0 670227 662026
0 703524 662026
0 670247 662026
0 703539 662026
0 670249 662026
0 703541 662026
0 670234 662026
0 703518 662026
0 670241 662026
0 703519 662026
0 670244 662026
0 703531 662026
0 670232 662026
0 703537 662026
0 670229 662026
0 703523 662026
0 670240 662026
0 703525 662026
0 670246 662026
0 703534 662026
0 670248 662026
0 703538 662026
0 670235 662026
0 703533 662026
0 670242 662026
0 703536 662026
0 670243 662026
0 703520 662026
0 670245 662026
0 703526 662026
0 670228 662026
0 703530 662026
0 670233 662026
0 703535 662026
0 670239 662026
0 703540 662026
0 670330 662026
0 703570 662026
0 670328 662026
0 703574 662026
0 670332 662026
0 703563 662026
0 670329 662026
0 703571 662026
0 670335 662026
0 703564 662026
0 670337 662026
0 703573 662026
0 670333 662026
0 703576 662026
0 670331 662026
0 703572 662026
0 670340 662026
0 703579 662026
0 670347 662026
0 703584 662026
0 670352 662026
0 703588 662026
0 670341 662026
0 703566 662026
0 670345 662026
0 703568 662026
0 670339 662026
0 703578 662026
0 670343 662026
0 703582 662026
0 670336 662026
0 703575 662026
0 670342 662026
0 703580 662026
0 670344 662026
0 703581 662026
0 670349 662026
0 703587 662026
0 670334 662026
0 703565 662026
0 670338 662026
0 703567 662026
0 670350 662026
0 703569 662026
0 670353 662026
0 703577 662026
0 670346 662026
0 703583 662026
0 670351 662026
0 703586 662026
0 670348 662026
0 703585 662026
0 670378 662026
0 703618 662026
0 670374 662026
0 703616 662026
0 670375 662026
0 703621 662026
0 670379 662026
0 703607 662026
0 670376 662026
0 703608 662026
0 670377 662026
0 703617 662026
0 670385 662026
0 703609 662026
0 670372 662026
0 703615 662026
0 670380 662026
0 703620 662026
0 670383 662026
0 703629 662026
0 670389 662026
0 703632 662026
0 670381 662026
0 703610 662026
0 670387 662026
0 703611 662026
0 670384 662026
0 703624 662026
0 670394 662026
0 703613 662026
0 670371 662026
0 703622 662026
0 670373 662026
0 703626 662026
0 670390 662026
0 703628 662026
0 670393 662026
0 703631 662026
0 670382 662026
0 703625 662026
0 670388 662026
0 703630 662026
0 670392 662026
0 703612 662026
0 670395 662026
0 703614 662026
0 670386 662026
0 703623 662026
0 670391 662026
0 703627 662026
0 670396 662026
0 703619 662026
0 670414 662026
0 703651 662026
0 670422 662026
0 703646 662026
0 670421 662026
0 703660 662026
0 670415 662026
0 703661 662026
0 670423 662026
0 703653 662026
0 670411 662026
0 703647 662026
0 670417 662026
0 703664 662026
0 670412 662026
0 703652 662026
0 670418 662026
0 703648 662026
0 670425 662026
0 703658 662026
0 670429 662026
0 703663 662026
0 670430 662026
0 703656 662026
0 670433 662026
0 703659 662026
0 670416 662026
0 703654 662026
0 670426 662026
0 703668 662026
0 670413 662026
0 703662 662026
0 670424 662026
0 703666 662026
0 670419 662026
0 703655 662026
0 670427 662026
0 703657 662026
0 670432 662026
0 703667 662026
0 670434 662026
0 703670 662026
0 670435 662026
0 703665 662026
0 670436 662026
0 703669 662026
0 670420 662026
0 703649 662026
0 670428 662026
0 703650 662026
0 670431 662026
0 703671 662026
0 670462 662026
0 703799 662026
0 703838 662026
0 670471 662026
0 703793 662026
0 703839 662026
0 670464 662026
0 703806 662026
0 703843 662026
0 670463 662026
0 703845 662026
0 670454 662026
0 703794 662026
0 703847 662026
0 670470 662026
0 703800 662026
0 703849 662026
0 670466 662026
0 703848 662026
0 670455 662026
0 703804 662026
0 703844 662026
0 670477 662026
0 703809 662026
0 703856 662026
0 670457 662026
0 703808 662026
0 703854 662026
0 670459 662026
0 703811 662026
0 703859 662026
0 670456 662026
0 703795 662026
0 703851 662026
0 670458 662026
0 703796 662026
0 703857 662026
0 670465 662026
0 703802 662026
0 703840 662026
0 670472 662026
0 703852 662026
0 670461 662026
0 703801 662026
0 703846 662026
0 670473 662026
0 703807 662026
0 703853 662026
0 670468 662026
0 703803 662026
0 703841 662026
0 670474 662026
0 703805 662026
0 703842 662026
0 670469 662026
0 703810 662026
0 703850 662026
0 670475 662026
0 703813 662026
0 703855 662026
0 670460 662026
0 703797 662026
0 703861 662026
0 670467 662026
0 703798 662026
0 703863 662026
0 670478 662026
0 703812 662026
0 703860 662026
0 670479 662026
0 703814 662026
0 703862 662026
0 670476 662026
0 703858 662026
0 670494 662026
0 670489 662026
0 670496 662026
0 670492 662026
0 670495 662026
0 670493 662026
0 670497 662026
0 670488 662026
0 670500 662026
0 670490 662026
0 670491 662026
0 670499 662026
0 670504 662026
0 670498 662026
0 670505 662026
0 670503 662026
0 670511 662026
0 670501 662026
0 670507 662026
0 670502 662026
0 670508 662026
0 670510 662026
0 670513 662026
0 670506 662026
0 670512 662026
0 670509 662026
0 662575 662026
0 667940 662026
0 667941 662026
0 667943 662026
0 688994 662026
0 667944 662026
0 688995 662026
0 689010 662026
0 688996 662026
0 689011 662026
0 688997 662026
0 688998 662026
0 688999 662026
0 689000 662026
0 689001 662026
0 689002 662026
0 689003 662026
0 689004 662026
0 689005 662026
0 689006 662026
0 689007 662026
0 689008 662026
0 688993 662026
0 688992 662026
0 689009 662026
