214802 214802 214802
214802 216120 214802
214802 85682 214802
0 214833 214833
0 214818 214833
0 214820 214833
0 214827 214833
0 214834 214833
0 214816 214833
0 214822 214833
0 214845 214833
0 214838 214833
0 214813 214833
0 214823 214833
0 214817 214833
0 214830 214833
214826 214826 214833
0 1365201 214826
0 214848 214833
0 1622905 1622905
0 214842 214842
0 214829 214842
0 214843 214842
0 214812 214842
0 214801 214842
0 214805 214842
0 214807 214842
0 214821 214842
0 214836 214842
0 214832 214842
0 214835 214842
0 214806 214842
0 214811 214842
0 214837 214842
0 214840 214842
0 214810 214842
0 732273 214842
0 214849 214842
0 214819 214842
0 214804 214842
0 214824 214842
0 214803 214842
0 214831 214842
0 214814 214842
0 214841 214842
0 214839 214842
0 214809 214842
214815 214815 214842
0 975808 214815
0 975844 214815
0 975824 214815
0 975833 214815
0 975756 214815
0 975750 214815
0 975778 214815
0 975806 214815
0 975734 214815
0 975775 214815
0 975769 214815
0 975848 214815
0 975757 214815
0 975725 214815
0 975781 214815
0 975770 214815
0 975738 214815
0 975845 214815
0 975810 214815
0 975785 214815
0 975811 214815
0 975804 214815
0 975831 214815
0 975796 214815
0 975747 214815
0 975803 214815
0 975776 214815
0 975791 214815
0 975821 214815
0 975744 214815
0 975795 214815
0 975765 214815
0 975726 214815
0 975752 214815
0 975735 214815
0 975817 214815
0 975723 214815
0 975807 214815
0 975764 214815
0 975760 214815
0 975737 214815
0 975746 214815
0 975753 214815
0 975779 214815
0 975786 214815
0 975736 214815
0 975820 214815
0 975788 214815
0 975825 214815
0 975828 214815
0 975832 214815
0 975741 214815
0 975767 214815
0 975755 214815
0 975772 214815
0 975814 214815
0 975745 214815
0 975805 214815
0 975797 214815
0 975724 214815
0 975801 214815
0 975847 214815
0 975822 214815
0 975841 214815
0 975782 214815
0 975836 214815
0 975846 214815
0 975731 214815
0 975774 214815
0 975761 214815
0 975793 214815
0 975837 214815
0 975834 214815
0 975830 214815
0 975818 214815
0 975777 214815
0 975816 214815
0 975843 214815
0 975823 214815
0 975733 214815
0 975835 214815
0 975748 214815
0 975790 214815
0 975812 214815
0 975730 214815
0 975732 214815
0 975766 214815
0 975839 214815
0 975768 214815
0 975729 214815
0 975838 214815
0 975849 214815
0 975763 214815
0 975773 214815
0 975840 214815
0 975789 214815
0 975813 214815
0 975749 214815
0 975827 214815
0 975780 214815
0 975783 214815
0 975754 214815
0 975787 214815
0 975829 214815
0 975762 214815
0 975798 214815
0 975794 214815
0 975815 214815
0 975819 214815
0 975809 214815
0 975799 214815
0 975739 214815
0 975792 214815
0 975800 214815
0 975842 214815
0 975771 214815
0 975759 214815
0 975728 214815
0 975740 214815
0 975802 214815
0 975826 214815
0 975727 214815
0 975751 214815
0 975784 214815
0 975758 214815
0 214808 214842
0 214846 214842
0 214844 214842
0 214847 214842
0 214828 214842
0 214825 214842
