0 292371 292371
1176985 1176985 1176985
1176985 1176986 1176985
1176985 216123 1176985
1176985 221896 1176985
1176985 36 1176985
1176985 59419 1176985
1176985 821384 1176985
1176985 964252 1176985
0 304008 1176985
772945 772945 772945
0 773069 772945
0 772982 772945
0 773108 772945
0 772986 772945
0 772966 772945
0 773092 772945
0 772947 772945
0 773056 772945
0 772973 772945
0 773039 772945
0 773031 772945
0 772984 772945
0 772965 772945
0 773061 772945
0 773057 772945
0 772976 772945
0 773065 772945
0 773079 772945
0 773066 772945
0 772969 772945
0 773050 772945
0 773045 772945
0 773098 772945
0 773097 772945
0 773090 772945
0 773014 772945
0 773012 772945
0 773029 772945
0 772968 772945
0 772952 772945
0 772993 772945
0 773036 772945
0 772988 772945
0 773048 772945
0 773100 772945
0 773101 772945
0 773099 772945
0 773008 772945
0 772999 772945
0 773051 772945
0 773102 772945
0 773059 772945
0 773104 772945
0 773005 772945
0 773022 772945
0 773023 772945
0 773103 772945
0 772951 772945
0 772990 772945
0 772994 772945
0 773067 772945
0 773080 772945
0 773021 772945
0 773003 772945
0 773089 772945
0 773107 772945
0 773106 772945
0 773043 772945
0 773042 772945
0 773088 772945
0 772959 772945
0 773073 772945
0 772950 772945
0 773007 772945
0 772978 772945
0 772967 772945
0 772989 772945
0 773105 772945
0 772955 772945
0 772974 772945
0 773017 772945
0 773018 772945
0 773019 772945
0 773020 772945
0 773004 772945
0 772977 772945
0 773064 772945
0 773075 772945
0 773068 772945
0 772949 772945
0 772971 772945
0 772954 772945
0 773035 772945
0 773037 772945
0 773034 772945
0 773033 772945
0 773071 772945
0 773091 772945
0 773013 772945
0 773016 772945
0 773015 772945
0 773046 772945
0 772991 772945
0 773093 772945
0 772963 772945
0 772987 772945
0 772992 772945
0 772960 772945
0 773112 772945
0 772980 772945
0 773094 772945
0 773032 772945
0 773052 772945
0 773095 772945
0 773081 772945
0 772983 772945
0 773096 772945
0 772964 772945
0 773047 772945
0 773109 772945
0 773110 772945
0 772981 772945
0 772979 772945
0 772946 772945
0 772998 772945
0 773058 772945
0 773040 772945
0 773070 772945
0 772975 772945
0 773028 772945
0 773078 772945
0 772995 772945
0 772956 772945
0 773054 772945
0 773044 772945
0 773011 772945
0 773000 772945
0 772997 772945
0 772972 772945
0 773072 772945
0 773111 772945
0 773082 772945
0 773083 772945
0 773084 772945
0 773006 772945
0 773085 772945
0 772961 772945
0 773010 772945
0 773009 772945
0 773053 772945
0 773027 772945
0 773025 772945
0 773026 772945
0 773024 772945
0 773049 772945
0 772948 772945
0 773055 772945
0 772958 772945
0 773001 772945
0 773041 772945
0 772996 772945
0 772957 772945
0 772985 772945
0 773077 772945
0 773030 772945
0 772953 772945
0 773062 772945
0 772970 772945
0 773076 772945
0 773074 772945
0 772962 772945
0 773038 772945
0 773063 772945
0 773086 772945
0 773002 772945
0 773087 772945
0 773060 772945
389650 389650 389650
0 389651 389650
0 389652 389650
0 389817 389650
0 389654 389650
0 389676 389650
0 389664 389650
0 389764 389650
0 389755 389650
0 389756 389650
0 389757 389650
0 389758 389650
0 389759 389650
0 389760 389650
0 389761 389650
0 389762 389650
0 389763 389650
0 389665 389650
0 389773 389650
0 389765 389650
0 389766 389650
0 389767 389650
0 389768 389650
0 389769 389650
0 389770 389650
0 389771 389650
0 389772 389650
0 389793 389650
0 389666 389650
0 389774 389650
0 389775 389650
0 389776 389650
0 389777 389650
0 389778 389650
0 389779 389650
0 389780 389650
0 389781 389650
0 389782 389650
0 389783 389650
0 389667 389650
0 389784 389650
0 389785 389650
0 389786 389650
0 389787 389650
0 389788 389650
0 389789 389650
0 389790 389650
0 389791 389650
0 389792 389650
0 389815 389650
0 389668 389650
0 389794 389650
0 389795 389650
0 389796 389650
0 389797 389650
0 389798 389650
0 389799 389650
0 389800 389650
0 389801 389650
0 389802 389650
0 389803 389650
0 389669 389650
0 389804 389650
0 389805 389650
0 389806 389650
0 389807 389650
0 389808 389650
0 389809 389650
0 389810 389650
0 389811 389650
0 389812 389650
0 389813 389650
0 389670 389650
0 389814 389650
0 389816 389650
0 389671 389650
0 389672 389650
0 389673 389650
0 389656 389650
0 389674 389650
0 389675 389650
0 389697 389650
0 389677 389650
0 389678 389650
0 389679 389650
0 389680 389650
0 389681 389650
0 389682 389650
0 389683 389650
0 389657 389650
0 389684 389650
0 389685 389650
0 389686 389650
0 389687 389650
0 389688 389650
0 389689 389650
0 389690 389650
0 389691 389650
0 389692 389650
0 389693 389650
0 389658 389650
0 389694 389650
0 389695 389650
0 389696 389650
0 389713 389650
0 389698 389650
0 389699 389650
0 389700 389650
0 389701 389650
0 389702 389650
0 389703 389650
0 389659 389650
0 389704 389650
0 389705 389650
0 389706 389650
0 389707 389650
0 389708 389650
0 389709 389650
0 389710 389650
0 389711 389650
0 389712 389650
0 389718 389650
0 389660 389650
0 389714 389650
0 389715 389650
0 389716 389650
0 389717 389650
0 389724 389650
0 389719 389650
0 389720 389650
0 389721 389650
0 389722 389650
0 389723 389650
0 389661 389650
0 389754 389650
0 389725 389650
0 389726 389650
0 389727 389650
0 389728 389650
0 389729 389650
0 389730 389650
0 389731 389650
0 389732 389650
0 389733 389650
0 389662 389650
0 389734 389650
0 389735 389650
0 389736 389650
0 389737 389650
0 389738 389650
0 389739 389650
0 389740 389650
0 389741 389650
0 389742 389650
0 389743 389650
0 389663 389650
0 389744 389650
0 389745 389650
0 389746 389650
0 389747 389650
0 389748 389650
0 389749 389650
0 389750 389650
0 389751 389650
0 389752 389650
0 389753 389650
0 389655 389650
0 389653 389650
0 304009 1176985
0 1180860 1176985
0 304011 1176985
0 304015 1176985
0 304014 1176985
0 1180862 1176985
0 304013 1176985
0 304010 1176985
0 1180861 1176985
0 304012 1176985
0 304007 1176985
1176990 1176990 1176985
1176990 304006 1176985
1387320 1387320 1176990
0 1387325 1387320
0 1408139 1387320
0 1387323 1387320
0 1408137 1387320
0 1387324 1387320
0 1387326 1387320
0 1387327 1387320
0 1387322 1387320
0 1387321 1387320
0 1408138 1387320
0 1180864 1176990
0 404597 1176990
0 1180884 1176990
0 1180882 1176990
0 1180866 1176990
0 1180879 1176990
0 1180875 1176990
0 1180871 1176990
0 1180873 1176990
1180874 1180874 1176990
1180874 1180922 1176990
1180874 1180923 1176990
1180889 1180889 1180874
0 1180891 1180889
0 1180892 1180889
0 1180893 1180889
0 1180894 1180889
0 1180895 1180889
0 1180896 1180889
0 1180897 1180889
0 1180898 1180889
0 1180900 1180889
0 1180899 1180889
1180890 1180890 1180874
0 1181114 1180890
0 1181115 1180890
0 1181116 1180890
0 1181117 1180890
0 1181118 1180890
0 1181119 1180890
0 1181120 1180890
0 1181121 1180890
0 1181122 1180890
0 1181123 1180890
0 1181124 1180890
0 1181125 1180890
0 1181126 1180890
0 1181127 1180890
0 1181128 1180890
0 1181129 1180890
0 1181130 1180890
0 1181131 1180890
0 1181132 1180890
0 1181133 1180890
0 1181059 1180890
0 1181060 1180890
0 1181061 1180890
0 1181062 1180890
0 1181063 1180890
0 1181064 1180890
0 1181065 1180890
0 1181066 1180890
0 1181067 1180890
0 1181068 1180890
0 1181069 1180890
0 1181070 1180890
0 1181071 1180890
0 1181072 1180890
0 1181073 1180890
0 1181074 1180890
0 1181075 1180890
0 1181076 1180890
0 1181077 1180890
0 1181078 1180890
0 1181079 1180890
0 1181080 1180890
0 1181081 1180890
0 1181082 1180890
0 1181083 1180890
0 1181084 1180890
0 1181085 1180890
0 1181086 1180890
0 1181087 1180890
0 1181088 1180890
0 1181089 1180890
0 1181090 1180890
0 1181091 1180890
0 1181092 1180890
0 1181093 1180890
0 1181094 1180890
0 1181095 1180890
0 1181096 1180890
0 1181097 1180890
0 1181098 1180890
0 1181099 1180890
0 1181100 1180890
0 1181101 1180890
0 1181102 1180890
0 1181103 1180890
0 1181104 1180890
0 1181105 1180890
0 1181106 1180890
0 1181107 1180890
0 1181108 1180890
0 1181109 1180890
0 1181110 1180890
0 1181111 1180890
0 1181112 1180890
0 1181113 1180890
0 1180887 1180874
1180886 1180886 1180874
1180904 1180904 1180886
0 1181210 1180904
0 1181211 1180904
0 1181212 1180904
0 1181213 1180904
0 1181245 1180904
0 1181214 1180904
0 1181215 1180904
0 1181216 1180904
0 1181217 1180904
0 1181218 1180904
0 1181219 1180904
0 1181220 1180904
0 1181246 1180904
0 1181247 1180904
0 1181248 1180904
0 1181221 1180904
0 1181222 1180904
0 1181249 1180904
0 1181223 1180904
0 1181224 1180904
0 1181225 1180904
0 1181226 1180904
0 1181227 1180904
0 1181228 1180904
0 1181229 1180904
0 1181230 1180904
0 1181231 1180904
0 1181232 1180904
0 1181233 1180904
0 1181234 1180904
0 1181235 1180904
0 1181236 1180904
0 1181237 1180904
0 1181250 1180904
0 1181251 1180904
0 1181238 1180904
0 1181239 1180904
0 1181240 1180904
0 1181241 1180904
0 1181242 1180904
0 1181243 1180904
0 1181252 1180904
0 1181244 1180904
1180901 1180901 1180886
0 1181167 1180901
0 1181172 1180901
0 1181161 1180901
0 1181170 1180901
0 1181162 1180901
0 1181164 1180901
0 1181171 1180901
0 1181168 1180901
0 1181169 1180901
0 1181163 1180901
0 1181165 1180901
0 1181166 1180901
1180902 1180902 1180886
1180908 1180908 1180902
0 1181254 1180908
0 1181263 1180908
0 1181255 1180908
0 1181256 1180908
0 1181264 1180908
0 1181257 1180908
0 1181262 1180908
0 1181265 1180908
0 1181266 1180908
0 1181261 1180908
0 1181259 1180908
0 1181258 1180908
0 1181260 1180908
1180905 1180905 1180902
0 1180909 1180905
0 1180911 1180905
0 1180919 1180905
0 1180912 1180905
0 1180920 1180905
0 1180910 1180905
0 1180913 1180905
0 1180914 1180905
0 1180918 1180905
0 1180915 1180905
0 1180916 1180905
0 1180917 1180905
1180907 1180907 1180902
0 1181269 1180907
0 1181270 1180907
0 1181271 1180907
1180906 1180906 1180902
0 1180933 1180906
0 1180925 1180906
0 1180937 1180906
0 1180940 1180906
0 1180926 1180906
0 1180934 1180906
0 1180930 1180906
0 1180938 1180906
0 1180928 1180906
0 1180929 1180906
0 1180941 1180906
0 1180927 1180906
0 1180939 1180906
0 1180931 1180906
0 1180936 1180906
0 1180932 1180906
0 1180935 1180906
1180903 1180903 1180886
0 1181180 1180903
0 1181184 1180903
0 1181186 1180903
0 1181176 1180903
0 1181201 1180903
0 1181188 1180903
0 1181197 1180903
0 1181174 1180903
0 1181195 1180903
0 1181189 1180903
0 1181202 1180903
0 1181187 1180903
0 1181208 1180903
0 1181185 1180903
0 1181178 1180903
0 1181181 1180903
0 1181190 1180903
0 1181191 1180903
0 1181206 1180903
0 1181173 1180903
0 1181192 1180903
0 1181196 1180903
0 1181193 1180903
0 1181203 1180903
0 1181177 1180903
0 1181199 1180903
0 1181182 1180903
0 1181204 1180903
0 1181200 1180903
0 1181194 1180903
0 1181198 1180903
0 1181183 1180903
0 1181205 1180903
0 1181207 1180903
0 1181179 1180903
0 1181175 1180903
974563 974563 1180874
0 1181149 974563
1163649 1163649 974563
0 1162239 1163649
0 1165421 1163649
0 1219569 1163649
0 1525081 1163649
1152370 1152370 974563
0 1524925 1524925
0 1166800 1152370
0 1165446 1152370
0 1219513 1152370
1144395 1144395 974563
0 1174570 1144395
0 1218511 1144395
0 1181134 974563
1181135 1181135 974563
0 1174699 1181135
0 1146056 1181135
0 1161861 1181135
0 1525139 1181135
1181136 1181136 974563
0 1295300 1181136
0 1295276 1181136
0 1295303 1181136
0 1295293 1181136
0 1288738 1181136
0 1295305 1181136
0 1295314 1181136
0 1524613 1524613
0 1532039 1524613
0 1524570 1524613
0 1524494 1524613
0 1532032 1524613
0 1524708 1524613
0 1524516 1524613
0 1532050 1524613
0 1524682 1524613
0 1524485 1524613
0 1532045 1524613
0 1531937 1524613
0 1295608 1181136
0 1159795 1181136
0 1064042 1181136
0 1161410 1181136
0 1356926 1181136
0 993469 1181136
0 993498 1181136
0 1524105 1181136
0 1295574 1181136
0 1295577 1181136
0 1292890 1181136
0 1292981 1181136
0 1288529 1181136
0 1533794 1533794
0 1522026 1522026
1181157 1181157 974563
0 1218557 1181157
0 1174432 1181157
0 1218566 1181157
1181148 1181148 974563
0 1065284 1181148
0 1174451 1181148
0 1218597 1181148
0 1181158 974563
0 1181145 974563
0 1181147 974563
0 1181146 974563
0 1181138 974563
0 1181144 974563
0 1181139 974563
0 1181142 974563
0 1181143 974563
0 1181141 974563
0 1181140 974563
0 1181155 974563
0 1181156 974563
0 1181154 974563
0 1181151 974563
0 1181152 974563
0 1181153 974563
0 1181150 974563
0 1181137 974563
1180888 1180888 1180874
0 1180966 1180888
0 1180943 1180888
0 1180944 1180888
0 1180945 1180888
0 1180946 1180888
0 1180947 1180888
0 1180948 1180888
0 1180949 1180888
0 1180950 1180888
0 1180951 1180888
0 1180952 1180888
0 1180953 1180888
0 1180954 1180888
0 1180967 1180888
0 1180955 1180888
0 1180956 1180888
0 1180957 1180888
0 1180958 1180888
0 1180959 1180888
0 1180960 1180888
0 1180961 1180888
0 1180962 1180888
0 1180963 1180888
0 1180964 1180888
0 1180965 1180888
0 1180968 1180888
0 1180878 1176990
0 1180867 1176990
0 1180883 1176990
0 1180872 1176990
0 1180876 1176990
0 1180885 1176990
0 1180869 1176990
1180870 1180870 1176990
0 1208309 1180870
0 1180868 1176990
0 1387319 1176990
0 1176993 1176990
0 1176992 1176990
1176991 1176991 1176990
0 1180232 1176991
0 1180251 1176991
0 1180240 1176991
0 1180252 1176991
0 1180245 1176991
0 1180246 1176991
0 1180229 1176991
0 1180249 1176991
0 1180242 1176991
1180243 1180243 1176991
0 1180326 1180243
0 1180346 1180243
0 1180327 1180243
0 1180330 1180243
0 1180364 1180243
0 1180365 1180243
0 1180373 1180243
0 1180374 1180243
0 1180331 1180243
0 1180368 1180243
0 1180369 1180243
0 1180370 1180243
0 1180371 1180243
0 1180341 1180243
0 1180351 1180243
0 1180347 1180243
0 1180337 1180243
0 1180362 1180243
0 1180352 1180243
0 1180353 1180243
0 1180359 1180243
0 1180354 1180243
0 1180366 1180243
0 1180350 1180243
0 1180357 1180243
0 1180358 1180243
0 1180355 1180243
0 1180363 1180243
0 1180361 1180243
0 1180335 1180243
0 1180336 1180243
0 1180339 1180243
0 1180356 1180243
0 1180360 1180243
0 1180332 1180243
0 1180367 1180243
0 1180372 1180243
0 1180343 1180243
0 1180349 1180243
0 1180344 1180243
0 1180342 1180243
0 1180334 1180243
0 1180348 1180243
0 1180345 1180243
0 1180338 1180243
0 1180340 1180243
0 1180333 1180243
0 1180233 1176991
0 1180248 1176991
0 1180237 1176991
0 1180239 1176991
0 1180244 1176991
0 1180238 1176991
0 1180236 1176991
0 1180250 1176991
0 1180253 1176991
0 1180230 1176991
0 1180234 1176991
0 1180235 1176991
0 1180228 1176991
0 1180247 1176991
0 1180241 1176991
0 1180227 1176991
0 1180254 1176991
0 1180231 1176991
1176995 1176995 1176991
0 1180223 1176995
1176996 1176996 1176995
0 1176997 1176996
0 1177120 1176996
0 1176998 1176996
0 1176999 1176996
0 1177000 1176996
0 1177001 1176996
0 1177002 1176996
0 1177003 1176996
0 1177004 1176996
0 1177005 1176996
0 1177006 1176996
0 1177007 1176996
0 1177008 1176996
0 1177009 1176996
0 1177010 1176996
0 1177098 1176996
0 1177011 1176996
0 1177012 1176996
0 1177013 1176996
0 1177014 1176996
0 1177015 1176996
0 1177016 1176996
0 1177018 1176996
0 1177019 1176996
0 1177020 1176996
0 1177021 1176996
0 1177022 1176996
0 1177023 1176996
0 1177024 1176996
0 1177025 1176996
0 1177026 1176996
0 1177027 1176996
0 1177029 1176996
0 1177115 1176996
0 1177028 1176996
0 1177121 1176996
0 1177032 1176996
0 1177116 1176996
0 1177031 1176996
0 1177030 1176996
0 1177117 1176996
0 1177033 1176996
0 1177034 1176996
0 1177035 1176996
0 1177036 1176996
0 1177037 1176996
0 1177038 1176996
0 1177040 1176996
0 1177039 1176996
0 1177041 1176996
0 1177042 1176996
0 1177043 1176996
0 1177017 1176996
0 1177044 1176996
0 1177045 1176996
0 1177046 1176996
0 1177047 1176996
0 1177048 1176996
0 1177049 1176996
0 1177050 1176996
0 1177051 1176996
0 1177052 1176996
0 1177118 1176996
0 1177053 1176996
0 1177097 1176996
0 1178970 1176996
0 1177054 1176996
0 1177055 1176996
0 1177056 1176996
0 1177057 1176996
0 1177058 1176996
0 1177059 1176996
0 1177060 1176996
0 1177061 1176996
0 1177062 1176996
0 1177119 1176996
0 1177063 1176996
0 1177064 1176996
0 1177065 1176996
0 1177066 1176996
0 1177067 1176996
0 1177068 1176996
0 1177069 1176996
0 1177070 1176996
0 1177071 1176996
0 1177072 1176996
0 1177073 1176996
0 1177074 1176996
0 1177075 1176996
0 1177076 1176996
0 1177077 1176996
0 1177078 1176996
0 1177079 1176996
0 1177080 1176996
0 1177081 1176996
0 1177099 1176996
0 1177082 1176996
0 1177083 1176996
0 1177084 1176996
0 1177086 1176996
0 1177085 1176996
0 1177087 1176996
0 1177088 1176996
0 1177089 1176996
0 1177090 1176996
0 1177091 1176996
0 1177092 1176996
0 1177093 1176996
0 1177094 1176996
0 1177095 1176996
0 1177100 1176996
1177101 1177101 1176996
0 1183810 1177101
0 1183811 1177101
0 1183812 1177101
0 1183813 1177101
0 1183814 1177101
0 1183848 1177101
0 1183816 1177101
0 1183817 1177101
0 1183818 1177101
0 1183819 1177101
0 1183820 1177101
0 1183821 1177101
0 1183822 1177101
0 1183825 1177101
0 1183824 1177101
0 1183823 1177101
0 1183826 1177101
0 1183827 1177101
0 1183828 1177101
0 1183829 1177101
0 1183830 1177101
0 1183832 1177101
0 1183831 1177101
0 1183833 1177101
0 1183835 1177101
0 1183836 1177101
0 1183838 1177101
0 1183834 1177101
0 1183837 1177101
0 1183839 1177101
0 1183840 1177101
0 1183841 1177101
0 1183843 1177101
0 1183842 1177101
0 1183815 1177101
0 1183844 1177101
0 1183845 1177101
0 1183808 1177101
0 1183809 1177101
0 1183846 1177101
0 1183847 1177101
0 1177096 1176996
0 1180224 1176995
0 1180225 1176995
1180226 1180226 1176995
0 1180295 1180226
0 1180290 1180226
0 1180291 1180226
0 1180293 1180226
0 1180292 1180226
0 1180294 1180226
0 1180877 1176990
0 1387318 1176990
0 1180865 1176990
0 1180881 1176990
0 1180880 1176990
