1014040 1014040 1014040
1014040 1144032 1014040
1014040 1525255 1014040
1014040 221892 1014040
1014040 47 1014040
1014040 85680 1014040
0 214313 1014040
0 214314 1014040
214312 214312 1014040
0 188 214312
0 145 214312
0 152 214312
0 132 214312
0 233855 214312
0 160 214312
0 355635 214312
0 209 214312
0 76 214312
0 65 214312
0 114 214312
0 88 214312
0 376360 214312
0 135 214312
0 194 214312
0 657701 214312
0 726441 726441
0 197 214312
0 238 214312
208 208 214312
0 971975 208
0 971968 208
0 1603419 208
0 971980 208
0 971981 208
0 971987 208
0 971983 208
0 971939 208
0 971990 208
0 971932 208
0 971937 208
0 971988 208
0 971956 208
0 971924 208
0 971962 208
0 971984 208
0 971985 208
0 971977 208
0 971938 208
0 971942 208
0 971925 208
0 971957 208
0 971944 208
0 971986 208
0 971933 208
0 971950 208
0 971953 208
0 971936 208
0 971979 208
0 971923 208
0 971934 208
0 971927 208
0 971949 208
0 971972 208
0 971930 208
0 971959 208
0 971966 208
0 971978 208
0 971945 208
0 971931 208
0 971976 208
0 971928 208
0 971982 208
0 971926 208
0 971947 208
0 971973 208
0 971961 208
0 971989 208
0 971941 208
0 971991 208
0 971952 208
0 971958 208
0 971967 208
0 971964 208
0 971922 208
0 971929 208
0 971951 208
0 971948 208
0 971965 208
0 971943 208
0 971940 208
0 971970 208
0 971971 208
0 971946 208
0 971969 208
0 971955 208
0 971954 208
0 971960 208
0 971963 208
0 971935 208
0 971974 208
0 92 214312
0 354355 214312
0 291793 214312
0 115 214312
0 82 214312
0 200 214312
0 177 214312
0 354354 214312
0 220 214312
0 225 214312
0 155 214312
0 214 214312
0 358035 214312
0 23546 214312
360602 360602 214312
0 1241782 360602
0 1578793 214312
0 223 214312
0 68 214312
0 191 214312
0 58 214312
0 199 214312
0 83 214312
0 287632 214312
0 165 214312
0 222 214312
0 4799 214312
0 150 214312
0 164 214312
0 211 214312
0 242 214312
0 718234 214312
0 214787 214312
0 237 214312
0 102 214312
0 691057 214312
0 214311 1014040
0 214315 1014040
