23211 23211 23211
23211 267534 23211
23211 26832 23211
23211 291385 23211
23211 292354 23211
23211 318383 23211
23211 598047 23211
23211 85683 23211
0 1314471 23211
1311981 1311981 23211
1311982 1311982 1311981
1311983 1311983 1311982
1313444 1313444 1311983
0 1313463 1313444
0 1313464 1313444
0 1313465 1313444
0 1313445 1313444
0 1313448 1313444
0 1313449 1313444
0 1313447 1313444
0 1313456 1313444
0 1313462 1313444
0 1313466 1313444
0 1313468 1313444
0 1313469 1313444
0 1313472 1313444
0 1313473 1313444
0 1313474 1313444
0 1313475 1313444
0 1313476 1313444
0 1313478 1313444
0 1313479 1313444
0 1313446 1313444
0 1313480 1313444
0 1313481 1313444
0 1313489 1313444
0 1313490 1313444
0 1313491 1313444
0 1313492 1313444
0 1313493 1313444
0 1313494 1313444
0 1313498 1313444
0 1313500 1313444
0 1313501 1313444
0 1313502 1313444
0 1313503 1313444
0 1313487 1313444
0 1313450 1313444
0 1313451 1313444
0 1313452 1313444
0 1313453 1313444
0 1313454 1313444
0 1313458 1313444
0 1313459 1313444
0 1313460 1313444
0 1313461 1313444
0 1313470 1313444
0 1313485 1313444
0 1313488 1313444
0 1313495 1313444
0 1313496 1313444
0 1313497 1313444
0 1313499 1313444
0 1313504 1313444
0 1313505 1313444
0 1313506 1313444
0 1313508 1313444
0 1313509 1313444
0 1313510 1313444
0 1313511 1313444
0 1313512 1313444
0 1313457 1313444
0 1313467 1313444
0 1313477 1313444
0 1313482 1313444
0 1313483 1313444
0 1313484 1313444
0 1313486 1313444
0 1313507 1313444
0 1313455 1313444
0 1313471 1313444
0 1313513 1313444
0 1313514 1313444
0 1313515 1313444
0 1313516 1313444
1313748 1313748 1311983
0 1313754 1313748
0 1313755 1313748
0 1313756 1313748
0 1313750 1313748
0 1313751 1313748
0 1313752 1313748
0 1313753 1313748
0 1313757 1313748
0 1313758 1313748
0 1313759 1313748
0 1313762 1313748
0 1313763 1313748
0 1313764 1313748
0 1313765 1313748
0 1313766 1313748
0 1313761 1313748
0 1313767 1313748
0 1313768 1313748
0 1313769 1313748
0 1313771 1313748
0 1313772 1313748
0 1313773 1313748
0 1313774 1313748
0 1313775 1313748
0 1313776 1313748
0 1313778 1313748
0 1313781 1313748
0 1313782 1313748
0 1313783 1313748
0 1313784 1313748
0 1313785 1313748
0 1313786 1313748
0 1313787 1313748
0 1313789 1313748
0 1313760 1313748
0 1313749 1313748
0 1313777 1313748
0 1313780 1313748
0 1313790 1313748
0 1313792 1313748
0 1313793 1313748
0 1313794 1313748
0 1313795 1313748
0 1313796 1313748
0 1313797 1313748
0 1313798 1313748
0 1313799 1313748
0 1313800 1313748
0 1313801 1313748
0 1313802 1313748
0 1313770 1313748
0 1313803 1313748
0 1313804 1313748
0 1313805 1313748
0 1313806 1313748
0 1313807 1313748
0 1313808 1313748
0 1313809 1313748
0 1313810 1313748
0 1313779 1313748
0 1313788 1313748
0 1313791 1313748
0 1313811 1313748
0 1313812 1313748
0 1313813 1313748
0 1313814 1313748
1312329 1312329 1311983
0 1312338 1312329
0 1312339 1312329
0 1312340 1312329
0 1312343 1312329
0 1312341 1312329
0 1312342 1312329
0 1312344 1312329
0 1312345 1312329
0 1312346 1312329
0 1312347 1312329
0 1312348 1312329
0 1312349 1312329
0 1312351 1312329
0 1312352 1312329
0 1312354 1312329
0 1312358 1312329
0 1312359 1312329
0 1312360 1312329
0 1312361 1312329
0 1312362 1312329
0 1312364 1312329
0 1312365 1312329
0 1312368 1312329
0 1312370 1312329
0 1312371 1312329
0 1312372 1312329
0 1312373 1312329
0 1312336 1312329
0 1312331 1312329
0 1312332 1312329
0 1312333 1312329
0 1312334 1312329
0 1312330 1312329
0 1312335 1312329
0 1312337 1312329
0 1312355 1312329
0 1312356 1312329
0 1312357 1312329
0 1312363 1312329
0 1312374 1312329
0 1312353 1312329
0 1312366 1312329
0 1312367 1312329
0 1312369 1312329
0 1312375 1312329
0 1312350 1312329
0 1312376 1312329
0 1312377 1312329
0 1312378 1312329
0 1312379 1312329
0 1312380 1312329
0 1312381 1312329
1312382 1312382 1311983
0 1312383 1312382
0 1312384 1312382
0 1312385 1312382
0 1312391 1312382
0 1312392 1312382
0 1312393 1312382
0 1312396 1312382
0 1312397 1312382
0 1312399 1312382
0 1312400 1312382
0 1312389 1312382
0 1312402 1312382
0 1312401 1312382
0 1312403 1312382
0 1312404 1312382
0 1312398 1312382
0 1312405 1312382
0 1312406 1312382
0 1312407 1312382
0 1312408 1312382
0 1312409 1312382
0 1312410 1312382
0 1312411 1312382
0 1312413 1312382
0 1312414 1312382
0 1312394 1312382
0 1312415 1312382
0 1312416 1312382
0 1312417 1312382
0 1312418 1312382
0 1312419 1312382
0 1312420 1312382
0 1312386 1312382
0 1312390 1312382
0 1312421 1312382
0 1312395 1312382
0 1312422 1312382
0 1312423 1312382
0 1312424 1312382
0 1312425 1312382
0 1312426 1312382
0 1312387 1312382
0 1312388 1312382
0 1312412 1312382
1313815 1313815 1311983
0 1313826 1313815
0 1313828 1313815
0 1313829 1313815
0 1313830 1313815
0 1313851 1313815
0 1313831 1313815
0 1313819 1313815
0 1313827 1313815
0 1313832 1313815
0 1313833 1313815
0 1313834 1313815
0 1313835 1313815
0 1313836 1313815
0 1313837 1313815
0 1313823 1313815
0 1313818 1313815
0 1313841 1313815
0 1313842 1313815
0 1313840 1313815
0 1313843 1313815
0 1313844 1313815
0 1313820 1313815
0 1313821 1313815
0 1313839 1313815
0 1313817 1313815
0 1313822 1313815
0 1313845 1313815
0 1313824 1313815
0 1313825 1313815
0 1313846 1313815
0 1313847 1313815
0 1313848 1313815
0 1313849 1313815
0 1313850 1313815
0 1313852 1313815
0 1313853 1313815
0 1313838 1313815
0 1313854 1313815
0 1313855 1313815
0 1313856 1313815
0 1313857 1313815
0 1313816 1313815
1313517 1313517 1311983
0 1313551 1313517
0 1313552 1313517
0 1313553 1313517
0 1313555 1313517
0 1313564 1313517
0 1313565 1313517
0 1313566 1313517
0 1313543 1313517
0 1313518 1313517
0 1313521 1313517
0 1313532 1313517
0 1313533 1313517
0 1313534 1313517
0 1313535 1313517
0 1313536 1313517
0 1313537 1313517
0 1313545 1313517
0 1313546 1313517
0 1313519 1313517
0 1313538 1313517
0 1313539 1313517
0 1313540 1313517
0 1313547 1313517
0 1313522 1313517
0 1313520 1313517
0 1313523 1313517
0 1313524 1313517
0 1313525 1313517
0 1313526 1313517
0 1313527 1313517
0 1313528 1313517
0 1313529 1313517
0 1313530 1313517
0 1313541 1313517
0 1313542 1313517
0 1313548 1313517
0 1313549 1313517
0 1313550 1313517
0 1313554 1313517
0 1313556 1313517
0 1313557 1313517
0 1313558 1313517
0 1313559 1313517
0 1313560 1313517
0 1313561 1313517
0 1313562 1313517
0 1313563 1313517
0 1313531 1313517
0 1313544 1313517
1312427 1312427 1311983
0 1312452 1312427
0 1312453 1312427
0 1312454 1312427
0 1312455 1312427
0 1312456 1312427
0 1312457 1312427
0 1312458 1312427
0 1312459 1312427
0 1312460 1312427
0 1312461 1312427
0 1312438 1312427
0 1312429 1312427
0 1312432 1312427
0 1312435 1312427
0 1312436 1312427
0 1312439 1312427
0 1312428 1312427
0 1312430 1312427
0 1312433 1312427
0 1312440 1312427
0 1312441 1312427
0 1312431 1312427
0 1312442 1312427
0 1312434 1312427
0 1312437 1312427
0 1312443 1312427
0 1312444 1312427
0 1312445 1312427
0 1312446 1312427
0 1312447 1312427
0 1312448 1312427
0 1312449 1312427
0 1312450 1312427
0 1312451 1312427
1312462 1312462 1311983
0 1312472 1312462
0 1312475 1312462
0 1312476 1312462
0 1312477 1312462
0 1312503 1312462
0 1312504 1312462
0 1312478 1312462
0 1312473 1312462
0 1312474 1312462
0 1312479 1312462
0 1312480 1312462
0 1312471 1312462
0 1312481 1312462
0 1312482 1312462
0 1312483 1312462
0 1312484 1312462
0 1312485 1312462
0 1312463 1312462
0 1312486 1312462
0 1312487 1312462
0 1312488 1312462
0 1312489 1312462
0 1312490 1312462
0 1312491 1312462
0 1312492 1312462
0 1312493 1312462
0 1312494 1312462
0 1312495 1312462
0 1312496 1312462
0 1312464 1312462
0 1312466 1312462
0 1312467 1312462
0 1312468 1312462
0 1312469 1312462
0 1312470 1312462
0 1312497 1312462
0 1312498 1312462
0 1312499 1312462
0 1312500 1312462
0 1312501 1312462
0 1312502 1312462
0 1312465 1312462
1313026 1313026 1311983
0 1313036 1313026
0 1313038 1313026
0 1313040 1313026
0 1313041 1313026
0 1313042 1313026
0 1313043 1313026
0 1313045 1313026
0 1313028 1313026
0 1313029 1313026
0 1313031 1313026
0 1313044 1313026
0 1313046 1313026
0 1313047 1313026
0 1313048 1313026
0 1313049 1313026
0 1313051 1313026
0 1313050 1313026
0 1313052 1313026
0 1313053 1313026
0 1313054 1313026
0 1313055 1313026
0 1313056 1313026
0 1313057 1313026
0 1313058 1313026
0 1313059 1313026
0 1313060 1313026
0 1313061 1313026
0 1313062 1313026
0 1313063 1313026
0 1313064 1313026
0 1313065 1313026
0 1313066 1313026
0 1313067 1313026
0 1313068 1313026
0 1313069 1313026
0 1313070 1313026
0 1313071 1313026
0 1313027 1313026
0 1313072 1313026
0 1313073 1313026
0 1313074 1313026
0 1313075 1313026
0 1313030 1313026
0 1313032 1313026
0 1313076 1313026
0 1313077 1313026
0 1313078 1313026
0 1313037 1313026
0 1313033 1313026
0 1313035 1313026
0 1313079 1313026
0 1313080 1313026
0 1313039 1313026
0 1313081 1313026
0 1313082 1313026
0 1313083 1313026
0 1313084 1313026
0 1313085 1313026
0 1313086 1313026
0 1313087 1313026
0 1313034 1313026
1311985 1311985 1311983
0 1311999 1311985
0 1312000 1311985
0 1312001 1311985
0 1312002 1311985
0 1311998 1311985
0 1312003 1311985
0 1311986 1311985
0 1311994 1311985
0 1311995 1311985
0 1312004 1311985
0 1312005 1311985
0 1312006 1311985
0 1312007 1311985
0 1312008 1311985
0 1312010 1311985
0 1312009 1311985
0 1312011 1311985
0 1312012 1311985
0 1312013 1311985
0 1312014 1311985
0 1312015 1311985
0 1312016 1311985
0 1312017 1311985
0 1312018 1311985
0 1312019 1311985
0 1312020 1311985
0 1312021 1311985
0 1312022 1311985
0 1312023 1311985
0 1312024 1311985
0 1312025 1311985
0 1312026 1311985
0 1311988 1311985
0 1312029 1311985
0 1312030 1311985
0 1311989 1311985
0 1311990 1311985
0 1311991 1311985
0 1311997 1311985
0 1312027 1311985
0 1312028 1311985
0 1311993 1311985
0 1312031 1311985
0 1312032 1311985
0 1311996 1311985
0 1311987 1311985
0 1311992 1311985
0 1312033 1311985
0 1312034 1311985
0 1312035 1311985
0 1312036 1311985
1312505 1312505 1311983
0 1312513 1312505
0 1312514 1312505
0 1312519 1312505
0 1312520 1312505
0 1312517 1312505
0 1312506 1312505
0 1312507 1312505
0 1312509 1312505
0 1312521 1312505
0 1312522 1312505
0 1312523 1312505
0 1312524 1312505
0 1312525 1312505
0 1312526 1312505
0 1312527 1312505
0 1312528 1312505
0 1312529 1312505
0 1312531 1312505
0 1312533 1312505
0 1312534 1312505
0 1312535 1312505
0 1312536 1312505
0 1312537 1312505
0 1312538 1312505
0 1312539 1312505
0 1312544 1312505
0 1312550 1312505
0 1312551 1312505
0 1312552 1312505
0 1312553 1312505
0 1312554 1312505
0 1312540 1312505
0 1312541 1312505
0 1312542 1312505
0 1312543 1312505
0 1312555 1312505
0 1312556 1312505
0 1312557 1312505
0 1312558 1312505
0 1312559 1312505
0 1312560 1312505
0 1312561 1312505
0 1312562 1312505
0 1312563 1312505
0 1312508 1312505
0 1312515 1312505
0 1312510 1312505
0 1312511 1312505
0 1312512 1312505
0 1312516 1312505
0 1312545 1312505
0 1312546 1312505
0 1312547 1312505
0 1312548 1312505
0 1312564 1312505
0 1312565 1312505
0 1312566 1312505
0 1312567 1312505
0 1312568 1312505
0 1312569 1312505
0 1312570 1312505
0 1312571 1312505
0 1312572 1312505
0 1312573 1312505
0 1312575 1312505
0 1312576 1312505
0 1312577 1312505
0 1312578 1312505
0 1312579 1312505
0 1312580 1312505
0 1312581 1312505
0 1312582 1312505
0 1312583 1312505
0 1312584 1312505
0 1312585 1312505
0 1312586 1312505
0 1312587 1312505
0 1312549 1312505
0 1312588 1312505
0 1312518 1312505
0 1312530 1312505
0 1312532 1312505
0 1312574 1312505
0 1312589 1312505
0 1312590 1312505
0 1312591 1312505
0 1312592 1312505
1312593 1312593 1311983
0 1312609 1312593
0 1312611 1312593
0 1312612 1312593
0 1312613 1312593
0 1312614 1312593
0 1312615 1312593
0 1312596 1312593
0 1312598 1312593
0 1312604 1312593
0 1312607 1312593
0 1312608 1312593
0 1312610 1312593
0 1312616 1312593
0 1312617 1312593
0 1312618 1312593
0 1312619 1312593
0 1312620 1312593
0 1312621 1312593
0 1312622 1312593
0 1312623 1312593
0 1312624 1312593
0 1312625 1312593
0 1312626 1312593
0 1312627 1312593
0 1312628 1312593
0 1312629 1312593
0 1312631 1312593
0 1312630 1312593
0 1312632 1312593
0 1312633 1312593
0 1312606 1312593
0 1312634 1312593
0 1312635 1312593
0 1312636 1312593
0 1312637 1312593
0 1312638 1312593
0 1312639 1312593
0 1312640 1312593
0 1312601 1312593
0 1312602 1312593
0 1312641 1312593
0 1312642 1312593
0 1312643 1312593
0 1312644 1312593
0 1312599 1312593
0 1312600 1312593
0 1312645 1312593
0 1312646 1312593
0 1312647 1312593
0 1312594 1312593
0 1312603 1312593
0 1312648 1312593
0 1312649 1312593
0 1312650 1312593
0 1312651 1312593
0 1312652 1312593
0 1312653 1312593
0 1312595 1312593
0 1312654 1312593
0 1312655 1312593
0 1312597 1312593
0 1312605 1312593
1312656 1312656 1311983
0 1312669 1312656
0 1312664 1312656
0 1312670 1312656
0 1312671 1312656
0 1312674 1312656
0 1312672 1312656
0 1312675 1312656
0 1312676 1312656
0 1312677 1312656
0 1312678 1312656
0 1312679 1312656
0 1312680 1312656
0 1312681 1312656
0 1312682 1312656
0 1312683 1312656
0 1312684 1312656
0 1312685 1312656
0 1312686 1312656
0 1312687 1312656
0 1312688 1312656
0 1312689 1312656
0 1312690 1312656
0 1312691 1312656
0 1312692 1312656
0 1312693 1312656
0 1312698 1312656
0 1312699 1312656
0 1312700 1312656
0 1312701 1312656
0 1312702 1312656
0 1312703 1312656
0 1312704 1312656
0 1312705 1312656
0 1312706 1312656
0 1312707 1312656
0 1312708 1312656
0 1312709 1312656
0 1312710 1312656
0 1312711 1312656
0 1312713 1312656
0 1312657 1312656
0 1312662 1312656
0 1312666 1312656
0 1312673 1312656
0 1312694 1312656
0 1312695 1312656
0 1312696 1312656
0 1312697 1312656
0 1312712 1312656
0 1312660 1312656
0 1312661 1312656
0 1312665 1312656
0 1312667 1312656
0 1312668 1312656
0 1312714 1312656
0 1312715 1312656
0 1312716 1312656
0 1312658 1312656
0 1312659 1312656
0 1312663 1312656
0 1312717 1312656
0 1312718 1312656
1312719 1312719 1311983
0 1312727 1312719
0 1312736 1312719
0 1312737 1312719
0 1312738 1312719
0 1312740 1312719
0 1312723 1312719
0 1312741 1312719
0 1312742 1312719
0 1312743 1312719
0 1312730 1312719
0 1312732 1312719
0 1312744 1312719
0 1312745 1312719
0 1312747 1312719
0 1312748 1312719
0 1312749 1312719
0 1312750 1312719
0 1312751 1312719
0 1312752 1312719
0 1312754 1312719
0 1312755 1312719
0 1312756 1312719
0 1312758 1312719
0 1312759 1312719
0 1312760 1312719
0 1312729 1312719
0 1312761 1312719
0 1312762 1312719
0 1312763 1312719
0 1312764 1312719
0 1312767 1312719
0 1312768 1312719
0 1312720 1312719
0 1312721 1312719
0 1312724 1312719
0 1312725 1312719
0 1312739 1312719
0 1312722 1312719
0 1312753 1312719
0 1312731 1312719
0 1312733 1312719
0 1312734 1312719
0 1312757 1312719
0 1312769 1312719
0 1312770 1312719
0 1312771 1312719
0 1312772 1312719
0 1312773 1312719
0 1312774 1312719
0 1312775 1312719
0 1312728 1312719
0 1312776 1312719
0 1312777 1312719
0 1312778 1312719
0 1312779 1312719
0 1312780 1312719
0 1312781 1312719
0 1312782 1312719
0 1312783 1312719
0 1312735 1312719
0 1312765 1312719
0 1312766 1312719
0 1312784 1312719
0 1312726 1312719
0 1312746 1312719
1313375 1313375 1311983
0 1313387 1313375
0 1313382 1313375
0 1313383 1313375
0 1313384 1313375
0 1313388 1313375
0 1313392 1313375
0 1313394 1313375
0 1313395 1313375
0 1313396 1313375
0 1313397 1313375
0 1313398 1313375
0 1313399 1313375
0 1313381 1313375
0 1313400 1313375
0 1313401 1313375
0 1313402 1313375
0 1313405 1313375
0 1313403 1313375
0 1313404 1313375
0 1313407 1313375
0 1313408 1313375
0 1313410 1313375
0 1313411 1313375
0 1313414 1313375
0 1313415 1313375
0 1313416 1313375
0 1313417 1313375
0 1313418 1313375
0 1313419 1313375
0 1313412 1313375
0 1313420 1313375
0 1313421 1313375
0 1313422 1313375
0 1313423 1313375
0 1313424 1313375
0 1313425 1313375
0 1313426 1313375
0 1313427 1313375
0 1313389 1313375
0 1313413 1313375
0 1313428 1313375
0 1313429 1313375
0 1313409 1313375
0 1313430 1313375
0 1313431 1313375
0 1313376 1313375
0 1313377 1313375
0 1313385 1313375
0 1313406 1313375
0 1313378 1313375
0 1313386 1313375
0 1313432 1313375
0 1313433 1313375
0 1313434 1313375
0 1313435 1313375
0 1313436 1313375
0 1313437 1313375
0 1313438 1313375
0 1313439 1313375
0 1313442 1313375
0 1313440 1313375
0 1313441 1313375
0 1313443 1313375
0 1313379 1313375
0 1313380 1313375
0 1313390 1313375
0 1313391 1313375
0 1313393 1313375
1312785 1312785 1311983
0 1312793 1312785
0 1312796 1312785
0 1312797 1312785
0 1312787 1312785
0 1312791 1312785
0 1312790 1312785
0 1312798 1312785
0 1312799 1312785
0 1312800 1312785
0 1312801 1312785
0 1312802 1312785
0 1312803 1312785
0 1312804 1312785
0 1312805 1312785
0 1312806 1312785
0 1312807 1312785
0 1312808 1312785
0 1312812 1312785
0 1312792 1312785
0 1312813 1312785
0 1312814 1312785
0 1312818 1312785
0 1312816 1312785
0 1312819 1312785
0 1312820 1312785
0 1312821 1312785
0 1312822 1312785
0 1312823 1312785
0 1312824 1312785
0 1312825 1312785
0 1312826 1312785
0 1312827 1312785
0 1312828 1312785
0 1312829 1312785
0 1312830 1312785
0 1312831 1312785
0 1312832 1312785
0 1312833 1312785
0 1312834 1312785
0 1312835 1312785
0 1312809 1312785
0 1312837 1312785
0 1312838 1312785
0 1312839 1312785
0 1312840 1312785
0 1312786 1312785
0 1312810 1312785
0 1312811 1312785
0 1312795 1312785
0 1312788 1312785
0 1312789 1312785
0 1312842 1312785
0 1312843 1312785
0 1312845 1312785
0 1312847 1312785
0 1312848 1312785
0 1312846 1312785
0 1312849 1312785
0 1312850 1312785
0 1312852 1312785
0 1312853 1312785
0 1312854 1312785
0 1312851 1312785
0 1312794 1312785
0 1312815 1312785
0 1312817 1312785
0 1312836 1312785
0 1312841 1312785
0 1312844 1312785
0 1312855 1312785
0 1312856 1312785
0 1312857 1312785
0 1312858 1312785
1312859 1312859 1311983
0 1312865 1312859
0 1312866 1312859
0 1312860 1312859
0 1312867 1312859
0 1312868 1312859
0 1312869 1312859
0 1312873 1312859
0 1312874 1312859
0 1312875 1312859
0 1312861 1312859
0 1312870 1312859
0 1312871 1312859
0 1312876 1312859
0 1312877 1312859
0 1312878 1312859
0 1312879 1312859
0 1312880 1312859
0 1312881 1312859
0 1312883 1312859
0 1312884 1312859
0 1312885 1312859
0 1312887 1312859
0 1312888 1312859
0 1312889 1312859
0 1312890 1312859
0 1312891 1312859
0 1312892 1312859
0 1312893 1312859
0 1312894 1312859
0 1312895 1312859
0 1312896 1312859
0 1312897 1312859
0 1312899 1312859
0 1312900 1312859
0 1312901 1312859
0 1312862 1312859
0 1312903 1312859
0 1312904 1312859
0 1312905 1312859
0 1312863 1312859
0 1312906 1312859
0 1312907 1312859
0 1312908 1312859
0 1312909 1312859
0 1312910 1312859
0 1312911 1312859
0 1312912 1312859
0 1312914 1312859
0 1312882 1312859
0 1312872 1312859
0 1312886 1312859
0 1312915 1312859
0 1312916 1312859
0 1312918 1312859
0 1312920 1312859
0 1312921 1312859
0 1312864 1312859
0 1312898 1312859
0 1312902 1312859
0 1312913 1312859
0 1312917 1312859
0 1312919 1312859
0 1312922 1312859
0 1312923 1312859
0 1312924 1312859
1312037 1312037 1311983
0 1312043 1312037
0 1312044 1312037
0 1312045 1312037
0 1312046 1312037
0 1312048 1312037
0 1312049 1312037
0 1312051 1312037
0 1312052 1312037
0 1312042 1312037
0 1312053 1312037
0 1312041 1312037
0 1312047 1312037
0 1312056 1312037
0 1312057 1312037
0 1312058 1312037
0 1312059 1312037
0 1312061 1312037
0 1312062 1312037
0 1312065 1312037
0 1312066 1312037
0 1312067 1312037
0 1312068 1312037
0 1312060 1312037
0 1312063 1312037
0 1312064 1312037
0 1312040 1312037
0 1312055 1312037
0 1312070 1312037
0 1312071 1312037
0 1312072 1312037
0 1312073 1312037
0 1312074 1312037
0 1312075 1312037
0 1312076 1312037
0 1312077 1312037
0 1312078 1312037
0 1312079 1312037
0 1312080 1312037
0 1312081 1312037
0 1312038 1312037
0 1312083 1312037
0 1312084 1312037
0 1312085 1312037
0 1312086 1312037
0 1312054 1312037
0 1312069 1312037
0 1312082 1312037
0 1312039 1312037
0 1312087 1312037
0 1312050 1312037
0 1312088 1312037
0 1312089 1312037
0 1312090 1312037
1312091 1312091 1311983
0 1312100 1312091
0 1312101 1312091
0 1312102 1312091
0 1312103 1312091
0 1312105 1312091
0 1312099 1312091
0 1312106 1312091
0 1312107 1312091
0 1312108 1312091
0 1312111 1312091
0 1312095 1312091
0 1312112 1312091
0 1312113 1312091
0 1312114 1312091
0 1312116 1312091
0 1312117 1312091
0 1312118 1312091
0 1312119 1312091
0 1312120 1312091
0 1312121 1312091
0 1312124 1312091
0 1312126 1312091
0 1312127 1312091
0 1312128 1312091
0 1312129 1312091
0 1312125 1312091
0 1312130 1312091
0 1312122 1312091
0 1312131 1312091
0 1312132 1312091
0 1312133 1312091
0 1312115 1312091
0 1312110 1312091
0 1312123 1312091
0 1312134 1312091
0 1312135 1312091
0 1312093 1312091
0 1312094 1312091
0 1312136 1312091
0 1312092 1312091
0 1312137 1312091
0 1312138 1312091
0 1312139 1312091
0 1312141 1312091
0 1312140 1312091
0 1312142 1312091
0 1312143 1312091
0 1312144 1312091
0 1312145 1312091
0 1312104 1312091
0 1312146 1312091
0 1312147 1312091
0 1312097 1312091
0 1312098 1312091
0 1312148 1312091
0 1312149 1312091
0 1312150 1312091
0 1312151 1312091
0 1312152 1312091
0 1312153 1312091
0 1312154 1312091
0 1312155 1312091
0 1312156 1312091
0 1312157 1312091
0 1312158 1312091
0 1312159 1312091
0 1312160 1312091
0 1312096 1312091
0 1312109 1312091
0 1312161 1312091
0 1312162 1312091
0 1312163 1312091
0 1312164 1312091
0 1312165 1312091
0 1312166 1312091
0 1312167 1312091
0 1312168 1312091
0 1312169 1312091
0 1312170 1312091
1312171 1312171 1311983
0 1312178 1312171
0 1312179 1312171
0 1312180 1312171
0 1312181 1312171
0 1312182 1312171
0 1312183 1312171
0 1312184 1312171
0 1312174 1312171
0 1312177 1312171
0 1312186 1312171
0 1312189 1312171
0 1312190 1312171
0 1312192 1312171
0 1312193 1312171
0 1312196 1312171
0 1312197 1312171
0 1312198 1312171
0 1312199 1312171
0 1312191 1312171
0 1312200 1312171
0 1312201 1312171
0 1312202 1312171
0 1312194 1312171
0 1312203 1312171
0 1312204 1312171
0 1312205 1312171
0 1312206 1312171
0 1312207 1312171
0 1312208 1312171
0 1312209 1312171
0 1312210 1312171
0 1312211 1312171
0 1312212 1312171
0 1312214 1312171
0 1312215 1312171
0 1312216 1312171
0 1312218 1312171
0 1312219 1312171
0 1312220 1312171
0 1312221 1312171
0 1312223 1312171
0 1312222 1312171
0 1312173 1312171
0 1312175 1312171
0 1312195 1312171
0 1312224 1312171
0 1312225 1312171
0 1312226 1312171
0 1312227 1312171
0 1312228 1312171
0 1312229 1312171
0 1312230 1312171
0 1312231 1312171
0 1312232 1312171
0 1312233 1312171
0 1312234 1312171
0 1312235 1312171
0 1312237 1312171
0 1312238 1312171
0 1312239 1312171
0 1312240 1312171
0 1312241 1312171
0 1312242 1312171
0 1312243 1312171
0 1312172 1312171
0 1312176 1312171
0 1312185 1312171
0 1312187 1312171
0 1312188 1312171
0 1312213 1312171
0 1312217 1312171
0 1312236 1312171
1312244 1312244 1311983
0 1312256 1312244
0 1312267 1312244
0 1312268 1312244
0 1312276 1312244
0 1312277 1312244
0 1312278 1312244
0 1312279 1312244
0 1312280 1312244
0 1312282 1312244
0 1312286 1312244
0 1312287 1312244
0 1312288 1312244
0 1312289 1312244
0 1312258 1312244
0 1312290 1312244
0 1312298 1312244
0 1312245 1312244
0 1312257 1312244
0 1312262 1312244
0 1312264 1312244
0 1312265 1312244
0 1312266 1312244
0 1312269 1312244
0 1312270 1312244
0 1312273 1312244
0 1312274 1312244
0 1312253 1312244
0 1312272 1312244
0 1312275 1312244
0 1312281 1312244
0 1312291 1312244
0 1312292 1312244
0 1312293 1312244
0 1312294 1312244
0 1312295 1312244
0 1312296 1312244
0 1312271 1312244
0 1312285 1312244
0 1312299 1312244
0 1312300 1312244
0 1312301 1312244
0 1312302 1312244
0 1312303 1312244
0 1312283 1312244
0 1312284 1312244
0 1312297 1312244
0 1312304 1312244
0 1312305 1312244
0 1312306 1312244
0 1312307 1312244
0 1312312 1312244
0 1312259 1312244
0 1312260 1312244
0 1312261 1312244
0 1312263 1312244
0 1312308 1312244
0 1312309 1312244
0 1312250 1312244
0 1312252 1312244
0 1312254 1312244
0 1312310 1312244
0 1312311 1312244
0 1312313 1312244
0 1312247 1312244
0 1312314 1312244
0 1312315 1312244
0 1312316 1312244
0 1312317 1312244
0 1312318 1312244
0 1312319 1312244
0 1312246 1312244
0 1312248 1312244
0 1312249 1312244
0 1312251 1312244
0 1312320 1312244
0 1312321 1312244
0 1312322 1312244
0 1312255 1312244
0 1312323 1312244
0 1312324 1312244
0 1312325 1312244
0 1312326 1312244
0 1312327 1312244
0 1312328 1312244
1313088 1313088 1311983
0 1313094 1313088
0 1313095 1313088
0 1313098 1313088
0 1313100 1313088
0 1313101 1313088
0 1313107 1313088
0 1313110 1313088
0 1313113 1313088
0 1313116 1313088
0 1313117 1313088
0 1313118 1313088
0 1313119 1313088
0 1313120 1313088
0 1313096 1313088
0 1313091 1313088
0 1313104 1313088
0 1313105 1313088
0 1313112 1313088
0 1313114 1313088
0 1313115 1313088
0 1313121 1313088
0 1313122 1313088
0 1313123 1313088
0 1313127 1313088
0 1313128 1313088
0 1313129 1313088
0 1313130 1313088
0 1313131 1313088
0 1313132 1313088
0 1313134 1313088
0 1313135 1313088
0 1313097 1313088
0 1313126 1313088
0 1313136 1313088
0 1313137 1313088
0 1313108 1313088
0 1313109 1313088
0 1313111 1313088
0 1313124 1313088
0 1313125 1313088
0 1313140 1313088
0 1313089 1313088
0 1313141 1313088
0 1313142 1313088
0 1313143 1313088
0 1313093 1313088
0 1313144 1313088
0 1313145 1313088
0 1313146 1313088
0 1313147 1313088
0 1313148 1313088
0 1313149 1313088
0 1313150 1313088
0 1313151 1313088
0 1313152 1313088
0 1313153 1313088
0 1313099 1313088
0 1313154 1313088
0 1313155 1313088
0 1313156 1313088
0 1313090 1313088
0 1313092 1313088
0 1313102 1313088
0 1313103 1313088
0 1313106 1313088
0 1313133 1313088
0 1313138 1313088
0 1313139 1313088
0 1313157 1313088
0 1313158 1313088
0 1313159 1313088
0 1313160 1313088
0 1313161 1313088
0 1313162 1313088
0 1313163 1313088
1313300 1313300 1311983
0 1313312 1313300
0 1313316 1313300
0 1313317 1313300
0 1313319 1313300
0 1313344 1313300
0 1313345 1313300
0 1313346 1313300
0 1313347 1313300
0 1313348 1313300
0 1313349 1313300
0 1313350 1313300
0 1313360 1313300
0 1313361 1313300
0 1313362 1313300
0 1313363 1313300
0 1313364 1313300
0 1313365 1313300
0 1313351 1313300
0 1313303 1313300
0 1313301 1313300
0 1313305 1313300
0 1313309 1313300
0 1313314 1313300
0 1313315 1313300
0 1313318 1313300
0 1313320 1313300
0 1313321 1313300
0 1313308 1313300
0 1313310 1313300
0 1313322 1313300
0 1313324 1313300
0 1313325 1313300
0 1313326 1313300
0 1313327 1313300
0 1313330 1313300
0 1313331 1313300
0 1313332 1313300
0 1313333 1313300
0 1313334 1313300
0 1313339 1313300
0 1313340 1313300
0 1313335 1313300
0 1313336 1313300
0 1313337 1313300
0 1313352 1313300
0 1313357 1313300
0 1313302 1313300
0 1313304 1313300
0 1313306 1313300
0 1313323 1313300
0 1313328 1313300
0 1313329 1313300
0 1313338 1313300
0 1313341 1313300
0 1313342 1313300
0 1313343 1313300
0 1313355 1313300
0 1313358 1313300
0 1313359 1313300
0 1313366 1313300
0 1313313 1313300
0 1313356 1313300
0 1313367 1313300
0 1313368 1313300
0 1313369 1313300
0 1313370 1313300
0 1313371 1313300
0 1313372 1313300
0 1313373 1313300
0 1313307 1313300
0 1313353 1313300
0 1313311 1313300
0 1313354 1313300
0 1313374 1313300
1313696 1313696 1311983
0 1313713 1313696
0 1313714 1313696
0 1313725 1313696
0 1313734 1313696
0 1313699 1313696
0 1313700 1313696
0 1313701 1313696
0 1313715 1313696
0 1313716 1313696
0 1313717 1313696
0 1313705 1313696
0 1313706 1313696
0 1313719 1313696
0 1313720 1313696
0 1313697 1313696
0 1313721 1313696
0 1313722 1313696
0 1313724 1313696
0 1313726 1313696
0 1313707 1313696
0 1313718 1313696
0 1313727 1313696
0 1313728 1313696
0 1313729 1313696
0 1313730 1313696
0 1313731 1313696
0 1313732 1313696
0 1313702 1313696
0 1313723 1313696
0 1313733 1313696
0 1313698 1313696
0 1313703 1313696
0 1313735 1313696
0 1313736 1313696
0 1313737 1313696
0 1313738 1313696
0 1313739 1313696
0 1313740 1313696
0 1313741 1313696
0 1313704 1313696
0 1313709 1313696
0 1313711 1313696
0 1313710 1313696
0 1313712 1313696
0 1313742 1313696
0 1313743 1313696
0 1313744 1313696
0 1313745 1313696
0 1313746 1313696
0 1313708 1313696
0 1313747 1313696
1313567 1313567 1311983
0 1313600 1313567
0 1313601 1313567
0 1313602 1313567
0 1313603 1313567
0 1313604 1313567
0 1313569 1313567
0 1313573 1313567
0 1313576 1313567
0 1313578 1313567
0 1313579 1313567
0 1313581 1313567
0 1313586 1313567
0 1313587 1313567
0 1313588 1313567
0 1313589 1313567
0 1313590 1313567
0 1313599 1313567
0 1313605 1313567
0 1313606 1313567
0 1313607 1313567
0 1313608 1313567
0 1313609 1313567
0 1313615 1313567
0 1313616 1313567
0 1313617 1313567
0 1313598 1313567
0 1313611 1313567
0 1313612 1313567
0 1313613 1313567
0 1313614 1313567
0 1313580 1313567
0 1313591 1313567
0 1313592 1313567
0 1313593 1313567
0 1313594 1313567
0 1313618 1313567
0 1313568 1313567
0 1313571 1313567
0 1313574 1313567
0 1313619 1313567
0 1313620 1313567
0 1313621 1313567
0 1313622 1313567
0 1313623 1313567
0 1313624 1313567
0 1313570 1313567
0 1313575 1313567
0 1313584 1313567
0 1313583 1313567
0 1313585 1313567
0 1313596 1313567
0 1313597 1313567
0 1313625 1313567
0 1313626 1313567
0 1313627 1313567
0 1313628 1313567
0 1313629 1313567
0 1313630 1313567
0 1313631 1313567
0 1313632 1313567
0 1313633 1313567
0 1313634 1313567
0 1313636 1313567
0 1313635 1313567
0 1313572 1313567
0 1313577 1313567
0 1313582 1313567
0 1313595 1313567
0 1313610 1313567
0 1313637 1313567
0 1313638 1313567
0 1313639 1313567
0 1313640 1313567
1313858 1313858 1311983
0 1313921 1313858
0 1313922 1313858
0 1313897 1313858
0 1313863 1313858
0 1313864 1313858
0 1313866 1313858
0 1313869 1313858
0 1313874 1313858
0 1313875 1313858
0 1313880 1313858
0 1313881 1313858
0 1313882 1313858
0 1313889 1313858
0 1313895 1313858
0 1313899 1313858
0 1313901 1313858
0 1313902 1313858
0 1313903 1313858
0 1313859 1313858
0 1313860 1313858
0 1313873 1313858
0 1313876 1313858
0 1313877 1313858
0 1313878 1313858
0 1313883 1313858
0 1313884 1313858
0 1313885 1313858
0 1313886 1313858
0 1313887 1313858
0 1313888 1313858
0 1313892 1313858
0 1313893 1313858
0 1313894 1313858
0 1313904 1313858
0 1313861 1313858
0 1313865 1313858
0 1313868 1313858
0 1313870 1313858
0 1313871 1313858
0 1313890 1313858
0 1313891 1313858
0 1313896 1313858
0 1313900 1313858
0 1313905 1313858
0 1313906 1313858
0 1313907 1313858
0 1313908 1313858
0 1313909 1313858
0 1313910 1313858
0 1313872 1313858
0 1313911 1313858
0 1313912 1313858
0 1313913 1313858
0 1313915 1313858
0 1313916 1313858
0 1313917 1313858
0 1313918 1313858
0 1313919 1313858
0 1313920 1313858
0 1313867 1313858
0 1313862 1313858
0 1313898 1313858
0 1313923 1313858
0 1313924 1313858
0 1313925 1313858
0 1313926 1313858
0 1313927 1313858
0 1313879 1313858
0 1313914 1313858
0 1313928 1313858
0 1313929 1313858
0 1313930 1313858
1313164 1313164 1311983
0 1313182 1313164
0 1313183 1313164
0 1313184 1313164
0 1313175 1313164
0 1313165 1313164
0 1313166 1313164
0 1313167 1313164
0 1313168 1313164
0 1313176 1313164
0 1313177 1313164
0 1313185 1313164
0 1313186 1313164
0 1313187 1313164
0 1313188 1313164
0 1313189 1313164
0 1313190 1313164
0 1313169 1313164
0 1313170 1313164
0 1313192 1313164
0 1313193 1313164
0 1313194 1313164
0 1313195 1313164
0 1313196 1313164
0 1313197 1313164
0 1313198 1313164
0 1313199 1313164
0 1313200 1313164
0 1313201 1313164
0 1313171 1313164
0 1313172 1313164
0 1313173 1313164
0 1313174 1313164
0 1313178 1313164
0 1313179 1313164
0 1313180 1313164
0 1313181 1313164
0 1313202 1313164
0 1313203 1313164
0 1313204 1313164
0 1313205 1313164
0 1313206 1313164
0 1313207 1313164
0 1313208 1313164
0 1313209 1313164
0 1313210 1313164
0 1313211 1313164
0 1313212 1313164
0 1313213 1313164
0 1313214 1313164
0 1313215 1313164
0 1313216 1313164
0 1313217 1313164
0 1313218 1313164
0 1313219 1313164
0 1313191 1313164
0 1313220 1313164
0 1313221 1313164
0 1313222 1313164
0 1313223 1313164
0 1313224 1313164
0 1313225 1313164
0 1313226 1313164
0 1313227 1313164
0 1313228 1313164
0 1313229 1313164
0 1313230 1313164
0 1313231 1313164
0 1313232 1313164
0 1313233 1313164
1312925 1312925 1311983
0 1312934 1312925
0 1312943 1312925
0 1312937 1312925
0 1312941 1312925
0 1312942 1312925
0 1312944 1312925
0 1312945 1312925
0 1312946 1312925
0 1312947 1312925
0 1312948 1312925
0 1312949 1312925
0 1312950 1312925
0 1312951 1312925
0 1312952 1312925
0 1312953 1312925
0 1312954 1312925
0 1312955 1312925
0 1312956 1312925
0 1312960 1312925
0 1312962 1312925
0 1312963 1312925
0 1312964 1312925
0 1312965 1312925
0 1312926 1312925
0 1312966 1312925
0 1312967 1312925
0 1312930 1312925
0 1312935 1312925
0 1312927 1312925
0 1312940 1312925
0 1312957 1312925
0 1312958 1312925
0 1312928 1312925
0 1312959 1312925
0 1312970 1312925
0 1312929 1312925
0 1312931 1312925
0 1312932 1312925
0 1312936 1312925
0 1312939 1312925
0 1312971 1312925
0 1312973 1312925
0 1312974 1312925
0 1312968 1312925
0 1312969 1312925
0 1312975 1312925
0 1312976 1312925
0 1312977 1312925
0 1312978 1312925
0 1312979 1312925
0 1312980 1312925
0 1312961 1312925
0 1312972 1312925
0 1312933 1312925
0 1312938 1312925
1312981 1312981 1311983
0 1312992 1312981
0 1312993 1312981
0 1312994 1312981
0 1312995 1312981
0 1312983 1312981
0 1312984 1312981
0 1312991 1312981
0 1312996 1312981
0 1312997 1312981
0 1312998 1312981
0 1312999 1312981
0 1313000 1312981
0 1313001 1312981
0 1313003 1312981
0 1313006 1312981
0 1313007 1312981
0 1313008 1312981
0 1313009 1312981
0 1312982 1312981
0 1313010 1312981
0 1313011 1312981
0 1313012 1312981
0 1313013 1312981
0 1313002 1312981
0 1312985 1312981
0 1312986 1312981
0 1312987 1312981
0 1313004 1312981
0 1313014 1312981
0 1313015 1312981
0 1312990 1312981
0 1313016 1312981
0 1313017 1312981
0 1313005 1312981
0 1313018 1312981
0 1313019 1312981
0 1313020 1312981
0 1313021 1312981
0 1313022 1312981
0 1313023 1312981
0 1313024 1312981
0 1313025 1312981
0 1312988 1312981
0 1312989 1312981
1313641 1313641 1311983
0 1313650 1313641
0 1313651 1313641
0 1313656 1313641
0 1313652 1313641
0 1313679 1313641
0 1313646 1313641
0 1313653 1313641
0 1313654 1313641
0 1313657 1313641
0 1313642 1313641
0 1313658 1313641
0 1313659 1313641
0 1313643 1313641
0 1313661 1313641
0 1313663 1313641
0 1313664 1313641
0 1313665 1313641
0 1313666 1313641
0 1313668 1313641
0 1313645 1313641
0 1313667 1313641
0 1313670 1313641
0 1313671 1313641
0 1313672 1313641
0 1313673 1313641
0 1313680 1313641
0 1313681 1313641
0 1313647 1313641
0 1313644 1313641
0 1313662 1313641
0 1313674 1313641
0 1313675 1313641
0 1313676 1313641
0 1313677 1313641
0 1313649 1313641
0 1313678 1313641
0 1313682 1313641
0 1313669 1313641
0 1313683 1313641
0 1313684 1313641
0 1313685 1313641
0 1313686 1313641
0 1313687 1313641
0 1313688 1313641
0 1313689 1313641
0 1313690 1313641
0 1313691 1313641
0 1313692 1313641
0 1313693 1313641
0 1313694 1313641
0 1313655 1313641
0 1313695 1313641
0 1313648 1313641
0 1313660 1313641
1313931 1313931 1311983
0 1313946 1313931
0 1313947 1313931
0 1313948 1313931
0 1313956 1313931
0 1313957 1313931
0 1313949 1313931
0 1313950 1313931
0 1313933 1313931
0 1313941 1313931
0 1313951 1313931
0 1313952 1313931
0 1313954 1313931
0 1313955 1313931
0 1313959 1313931
0 1313960 1313931
0 1313961 1313931
0 1313962 1313931
0 1313966 1313931
0 1313969 1313931
0 1313968 1313931
0 1313936 1313931
0 1313932 1313931
0 1313953 1313931
0 1313972 1313931
0 1313973 1313931
0 1313974 1313931
0 1313976 1313931
0 1313979 1313931
0 1313980 1313931
0 1313981 1313931
0 1313942 1313931
0 1313934 1313931
0 1313963 1313931
0 1313964 1313931
0 1313965 1313931
0 1313967 1313931
0 1313970 1313931
0 1313971 1313931
0 1313935 1313931
0 1313937 1313931
0 1313939 1313931
0 1313940 1313931
0 1313943 1313931
0 1313944 1313931
0 1313945 1313931
0 1313975 1313931
0 1313977 1313931
0 1313978 1313931
0 1313982 1313931
0 1313983 1313931
0 1313984 1313931
0 1313985 1313931
0 1313958 1313931
0 1313938 1313931
1313234 1313234 1311983
0 1313240 1313234
0 1313243 1313234
0 1313246 1313234
0 1313238 1313234
0 1313248 1313234
0 1313249 1313234
0 1313250 1313234
0 1313247 1313234
0 1313253 1313234
0 1313254 1313234
0 1313255 1313234
0 1313256 1313234
0 1313257 1313234
0 1313258 1313234
0 1313260 1313234
0 1313261 1313234
0 1313262 1313234
0 1313263 1313234
0 1313264 1313234
0 1313265 1313234
0 1313236 1313234
0 1313251 1313234
0 1313252 1313234
0 1313266 1313234
0 1313271 1313234
0 1313272 1313234
0 1313273 1313234
0 1313274 1313234
0 1313244 1313234
0 1313245 1313234
0 1313259 1313234
0 1313235 1313234
0 1313241 1313234
0 1313242 1313234
0 1313267 1313234
0 1313237 1313234
0 1313268 1313234
0 1313269 1313234
0 1313270 1313234
0 1313275 1313234
0 1313277 1313234
0 1313276 1313234
0 1313278 1313234
0 1313279 1313234
0 1313280 1313234
0 1313281 1313234
0 1313282 1313234
0 1313285 1313234
0 1313286 1313234
0 1313287 1313234
0 1313288 1313234
0 1313289 1313234
0 1313290 1313234
0 1313291 1313234
0 1313292 1313234
0 1313293 1313234
0 1313283 1313234
0 1313284 1313234
0 1313294 1313234
0 1313295 1313234
0 1313296 1313234
0 1313297 1313234
0 1313298 1313234
0 1313299 1313234
0 1313239 1313234
0 1311984 1311983
0 1311980 23211
0 1314628 23211
1313986 1313986 23211
1314069 1314069 1313986
0 1314070 1314069
0 1313987 1313986
1313989 1313989 1313986
0 1313990 1313989
0 1313991 1313989
0 1313992 1313989
1313993 1313993 1313989
0 1313994 1313993
0 1313995 1313993
0 1313996 1313993
0 1313997 1313993
0 1313998 1313993
0 1313999 1313989
1314000 1314000 1313989
0 1314006 1314000
0 1314001 1314000
0 1314007 1314000
0 1314004 1314000
0 1314005 1314000
0 1314002 1314000
0 1314003 1314000
1314008 1314008 1313989
0 1314014 1314008
0 1314011 1314008
0 1314015 1314008
0 1314016 1314008
0 1314009 1314008
0 1314017 1314008
0 1314018 1314008
0 1314019 1314008
0 1314020 1314008
0 1314013 1314008
0 1314012 1314008
0 1314010 1314008
0 1314022 1314008
0 1314023 1314008
0 1314030 1314008
0 1314024 1314008
0 1314025 1314008
0 1314031 1314008
0 1314026 1314008
0 1314027 1314008
0 1314021 1314008
0 1314028 1314008
0 1314029 1314008
1314032 1314032 1313989
0 1314033 1314032
0 1314034 1314032
1314035 1314035 1313989
0 1314042 1314035
0 1314043 1314035
0 1314037 1314035
0 1314036 1314035
0 1314044 1314035
0 1314045 1314035
0 1314046 1314035
0 1314038 1314035
0 1314047 1314035
0 1314048 1314035
0 1314049 1314035
0 1314039 1314035
0 1314040 1314035
0 1314050 1314035
0 1314041 1314035
0 1314051 1314035
0 1314052 1314035
1314053 1314053 1313989
1314057 1314057 1314053
0 1314059 1314057
0 1314058 1314057
1314054 1314054 1314053
0 1314056 1314054
0 1314055 1314054
0 1314061 1314053
0 1314060 1314053
0 1314068 1313989
1314062 1314062 1313989
0 1314063 1314062
0 1314066 1314062
0 1314067 1314062
0 1314064 1314062
0 1314065 1314062
0 1313988 1313986
1314071 1314071 1313986
0 1314072 1314071
1314406 1314406 1313986
0 1314407 1314406
1314408 1314408 1314406
0 1314421 1314408
1314409 1314409 1314408
0 1314410 1314409
0 1314411 1314409
0 1314412 1314409
0 1314413 1314409
0 1314414 1314409
0 1314415 1314409
1314416 1314416 1314408
0 1314417 1314416
0 1314418 1314416
0 1314419 1314416
0 1314420 1314416
1314404 1314404 1313986
0 1314405 1314404
1314422 1314422 1313986
0 1314423 1314422
0 1314424 1314422
1314073 1314073 1313986
0 1314074 1314073
0 1314403 1314073
1314075 1314075 1314073
0 1314402 1314073
0 1314397 1314075
0 1314076 1314075
0 1314077 1314075
0 1314113 1314075
0 1314114 1314075
0 1314115 1314075
1314116 1314116 1314075
0 1314117 1314116
0 1314126 1314116
0 1314134 1314116
0 1314118 1314116
0 1314129 1314116
0 1314142 1314116
0 1314119 1314116
0 1314130 1314116
0 1314143 1314116
0 1314120 1314116
0 1314133 1314116
0 1314128 1314116
0 1314125 1314116
0 1314139 1314116
0 1314124 1314116
0 1314137 1314116
0 1314144 1314116
0 1314127 1314116
0 1314132 1314116
0 1314135 1314116
0 1314122 1314116
0 1314131 1314116
0 1314140 1314116
0 1314123 1314116
0 1314136 1314116
0 1314141 1314116
0 1314121 1314116
0 1314138 1314116
0 1314145 1314075
1314146 1314146 1314075
0 1314147 1314146
0 1314148 1314146
0 1314149 1314146
0 1314150 1314146
0 1314151 1314146
0 1314152 1314146
0 1314153 1314146
0 1314154 1314146
0 1314155 1314146
0 1314156 1314146
0 1314157 1314146
0 1314158 1314146
0 1314159 1314146
0 1314160 1314146
1314078 1314078 1314075
0 1314108 1314078
0 1314079 1314078
0 1314080 1314078
0 1314081 1314078
0 1314082 1314078
0 1314083 1314078
0 1314084 1314078
0 1314085 1314078
0 1314086 1314078
0 1314087 1314078
0 1314088 1314078
0 1314089 1314078
0 1314090 1314078
0 1314091 1314078
0 1314092 1314078
0 1314093 1314078
0 1314094 1314078
0 1314095 1314078
0 1314096 1314078
0 1314097 1314078
0 1314098 1314078
0 1314099 1314078
0 1314100 1314078
0 1314101 1314078
0 1314102 1314078
0 1314103 1314078
0 1314104 1314078
0 1314105 1314078
0 1314106 1314078
0 1314107 1314078
0 1314109 1314078
0 1314110 1314078
0 1314111 1314078
0 1314112 1314078
1314161 1314161 1314075
0 1314166 1314161
0 1314164 1314161
0 1314162 1314161
0 1314163 1314161
0 1314167 1314161
0 1314165 1314161
1314168 1314168 1314075
1314169 1314169 1314168
0 1314170 1314169
0 1314172 1314169
0 1314171 1314169
0 1314173 1314169
1314174 1314174 1314168
0 1314178 1314174
0 1314176 1314174
0 1314175 1314174
0 1314177 1314174
1314179 1314179 1314168
0 1314180 1314179
1314265 1314265 1314168
0 1314267 1314265
0 1314277 1314265
0 1314276 1314265
0 1314274 1314265
0 1314268 1314265
0 1314273 1314265
0 1314269 1314265
0 1314270 1314265
0 1314266 1314265
0 1314272 1314265
0 1314271 1314265
0 1314275 1314265
1314181 1314181 1314168
0 1314185 1314181
0 1314183 1314181
0 1314182 1314181
0 1314184 1314181
1314186 1314186 1314168
0 1314188 1314186
0 1314189 1314186
0 1314187 1314186
0 1314190 1314186
1314191 1314191 1314168
0 1314194 1314191
0 1314193 1314191
0 1314192 1314191
0 1314195 1314191
1314196 1314196 1314168
0 1314199 1314196
0 1314198 1314196
0 1314197 1314196
0 1314200 1314196
1314236 1314236 1314168
0 1314240 1314236
0 1314238 1314236
0 1314237 1314236
0 1314239 1314236
1314247 1314247 1314168
0 1314248 1314247
0 1314250 1314247
0 1314249 1314247
0 1314251 1314247
1314201 1314201 1314168
0 1314204 1314201
0 1314203 1314201
0 1314202 1314201
0 1314205 1314201
1314206 1314206 1314168
0 1314209 1314206
0 1314208 1314206
0 1314207 1314206
0 1314210 1314206
1314260 1314260 1314168
0 1314261 1314260
0 1314263 1314260
0 1314262 1314260
0 1314264 1314260
1314211 1314211 1314168
0 1314214 1314211
0 1314213 1314211
0 1314212 1314211
0 1314215 1314211
1314216 1314216 1314168
0 1314218 1314216
0 1314219 1314216
0 1314217 1314216
0 1314220 1314216
1314221 1314221 1314168
0 1314223 1314221
0 1314224 1314221
0 1314222 1314221
0 1314225 1314221
1314231 1314231 1314168
0 1314232 1314231
0 1314234 1314231
0 1314233 1314231
0 1314235 1314231
1314254 1314254 1314168
0 1314255 1314254
0 1314257 1314254
0 1314256 1314254
0 1314258 1314254
1314226 1314226 1314168
0 1314229 1314226
0 1314228 1314226
0 1314227 1314226
0 1314230 1314226
1314241 1314241 1314168
0 1314242 1314241
0 1314244 1314241
0 1314243 1314241
0 1314245 1314241
0 1314259 1314168
0 1314278 1314168
0 1314246 1314168
0 1314279 1314168
0 1314252 1314168
0 1314253 1314168
1314280 1314280 1314075
0 1314293 1314280
0 1314312 1314280
0 1314341 1314280
0 1314387 1314280
0 1314322 1314280
0 1314390 1314280
0 1314288 1314280
0 1314374 1314280
0 1314311 1314280
0 1314338 1314280
0 1314375 1314280
0 1314308 1314280
0 1314345 1314280
0 1314384 1314280
0 1314314 1314280
0 1314340 1314280
0 1314377 1314280
0 1314318 1314280
0 1314337 1314280
0 1314373 1314280
0 1314309 1314280
0 1314336 1314280
0 1314378 1314280
0 1314324 1314280
0 1314388 1314280
0 1314313 1314280
0 1314339 1314280
0 1314383 1314280
0 1314320 1314280
0 1314346 1314280
0 1314382 1314280
0 1314294 1314280
0 1314328 1314280
0 1314360 1314280
0 1314302 1314280
0 1314331 1314280
0 1314368 1314280
0 1314348 1314280
0 1314303 1314280
0 1314332 1314280
0 1314369 1314280
0 1314321 1314280
0 1314347 1314280
0 1314389 1314280
0 1314317 1314280
0 1314343 1314280
0 1314386 1314280
0 1314301 1314280
0 1314330 1314280
0 1314362 1314280
0 1314349 1314280
0 1314289 1314280
0 1314352 1314280
0 1314350 1314280
0 1314319 1314280
0 1314351 1314280
0 1314305 1314280
0 1314334 1314280
0 1314372 1314280
0 1314306 1314280
0 1314381 1314280
0 1314323 1314280
0 1314385 1314280
0 1314310 1314280
0 1314344 1314280
0 1314379 1314280
0 1314356 1314280
0 1314357 1314280
0 1314291 1314280
0 1314326 1314280
0 1314358 1314280
0 1314292 1314280
0 1314327 1314280
0 1314359 1314280
1314281 1314281 1314280
0 1314285 1314281
0 1314286 1314281
0 1314287 1314281
0 1314283 1314281
0 1314282 1314281
0 1314284 1314281
0 1314300 1314280
0 1314367 1314280
0 1314295 1314280
0 1314361 1314280
0 1314296 1314280
0 1314363 1314280
0 1314297 1314280
0 1314364 1314280
0 1314298 1314280
0 1314365 1314280
0 1314299 1314280
0 1314366 1314280
0 1314329 1314280
0 1314325 1314280
0 1314307 1314280
0 1314371 1314280
0 1314316 1314280
0 1314342 1314280
0 1314376 1314280
0 1314335 1314280
0 1314315 1314280
0 1314380 1314280
0 1314290 1314280
0 1314304 1314280
0 1314333 1314280
0 1314370 1314280
0 1314391 1314280
0 1314353 1314280
0 1314354 1314280
0 1314355 1314280
0 1314398 1314075
0 1314399 1314075
0 1314400 1314075
0 1314396 1314075
0 1314395 1314075
0 1314393 1314075
0 1314392 1314075
0 1314394 1314075
0 1314401 1314073
1314425 1314425 23211
1314433 1314433 1314425
0 1314434 1314433
0 1314435 1314433
0 1314436 1314433
0 1314426 1314425
0 1314439 1314425
0 1314464 1314425
0 1314467 1314425
0 1314469 1314425
0 1314462 1314425
0 1314432 1314425
0 1314438 1314425
0 1314430 1314425
0 1314431 1314425
0 1314427 1314425
0 1314461 1314425
0 1314466 1314425
0 1314468 1314425
0 1314440 1314425
0 1314470 1314425
0 1314428 1314425
0 1314463 1314425
1314441 1314441 1314425
1314442 1314442 1314441
0 1314459 1314442
0 1314460 1314442
0 1314443 1314442
0 1314444 1314442
0 1314445 1314442
0 1314446 1314442
0 1314447 1314442
0 1314448 1314442
0 1314449 1314442
0 1314450 1314442
0 1314451 1314442
0 1314452 1314442
0 1314453 1314442
0 1314455 1314442
0 1314456 1314442
0 1314458 1314442
0 1314454 1314442
0 1314457 1314442
0 1314465 1314425
0 1314437 1314425
0 1314429 1314425
1314472 1314472 23211
0 1314623 1314472
1314619 1314619 1314472
0 1314621 1314619
0 1314622 1314619
0 1314620 1314619
0 1314624 1314472
1314625 1314625 1314472
0 1314626 1314625
0 1314627 1314625
1314473 1314473 1314472
1314474 1314474 1314473
0 1314476 1314474
0 1314475 1314474
0 1314477 1314474
1314478 1314478 1314473
0 1314479 1314478
0 1314480 1314478
0 1314496 1314478
0 1314495 1314478
0 1314498 1314478
0 1314492 1314478
0 1314497 1314478
0 1314493 1314478
0 1314501 1314478
0 1314494 1314478
0 1314481 1314478
0 1314482 1314478
0 1314499 1314478
0 1314483 1314478
0 1314500 1314478
0 1314485 1314478
0 1314486 1314478
0 1314484 1314478
0 1314489 1314478
0 1314490 1314478
0 1314487 1314478
0 1314488 1314478
0 1314491 1314478
1314502 1314502 1314473
1314503 1314503 1314502
1314504 1314504 1314503
1314505 1314505 1314504
0 1314506 1314505
0 1314507 1314505
0 1314508 1314505
0 1314509 1314505
0 1314510 1314505
0 1314511 1314505
0 1314512 1314505
0 1314513 1314505
0 1314514 1314505
0 1314515 1314505
1314516 1314516 1314504
0 1314517 1314516
0 1314518 1314516
0 1314519 1314516
0 1314520 1314516
0 1314521 1314504
0 1314522 1314504
1314523 1314523 1314504
0 1314524 1314523
0 1314525 1314523
0 1314526 1314523
0 1314527 1314523
0 1314528 1314523
0 1314529 1314523
0 1314530 1314523
0 1314531 1314523
1314532 1314532 1314504
0 1314533 1314532
0 1314534 1314532
0 1314535 1314504
0 1314536 1314504
0 1314537 1314504
0 1314538 1314504
0 1314539 1314504
0 1314540 1314504
1314541 1314541 1314504
0 1314542 1314541
0 1314543 1314541
0 1314544 1314541
0 1314545 1314541
0 1314546 1314541
0 1314547 1314541
0 1314548 1314541
0 1314549 1314541
0 1314550 1314541
0 1314551 1314541
0 1314552 1314541
0 1314553 1314541
0 1314554 1314541
0 1314555 1314541
0 1314556 1314541
0 1314557 1314541
0 1314558 1314541
0 1314559 1314541
0 1314560 1314541
0 1314561 1314541
0 1314562 1314541
0 1314563 1314541
0 1314564 1314541
0 1314565 1314541
0 1314566 1314541
0 1314567 1314541
0 1314568 1314504
0 1314569 1314504
0 1314570 1314504
0 1314571 1314504
0 1314572 1314504
0 1314573 1314504
0 1314574 1314504
0 1314575 1314504
0 1314576 1314504
0 1314577 1314504
0 1314578 1314504
0 1314579 1314504
0 1314580 1314504
1314581 1314581 1314504
0 1314582 1314581
0 1314583 1314581
0 1314584 1314581
1314585 1314585 1314504
0 1314586 1314585
0 1314587 1314585
0 1314588 1314585
0 1314589 1314504
0 1314590 1314504
0 1314591 1314504
0 1314592 1314504
0 1314593 1314504
0 1314594 1314504
0 1314595 1314504
0 1314596 1314504
0 1314597 1314504
1314598 1314598 1314504
0 1314599 1314598
0 1314600 1314598
0 1314601 1314598
0 1314602 1314598
0 1314603 1314598
0 1314604 1314504
0 1314605 1314504
0 1314606 1314504
0 1314607 1314504
0 1314608 1314504
0 1314609 1314504
0 1314610 1314504
0 1314611 1314504
0 1314612 1314504
0 1314613 1314504
0 1314614 1314504
0 1314615 1314504
0 1314616 1314504
0 1314617 1314504
0 1314618 1314504
0 26835 23211
0 598049 23211
0 1325953 1325953
0 1325954 1325953
0 1325955 1325953
0 1325951 1325953
0 1325956 1325953
0 1325957 1325953
0 1325962 1325953
0 1325963 1325953
0 1325964 1325953
0 1325965 1325953
0 1325966 1325953
0 1325967 1325953
0 1325968 1325953
0 1325958 1325953
0 1325969 1325953
0 1325970 1325953
0 1325971 1325953
0 1325972 1325953
0 1325973 1325953
0 1325974 1325953
0 1325975 1325953
0 1325976 1325953
0 1325977 1325953
0 1325978 1325953
0 1325984 1325953
0 1325985 1325953
0 1325986 1325953
0 1325987 1325953
0 1325988 1325953
0 1325989 1325953
0 1325990 1325953
0 1325991 1325953
0 1325992 1325953
0 1325993 1325953
0 1325994 1325953
0 1325995 1325953
0 1325996 1325953
0 1325997 1325953
0 1325998 1325953
0 1325999 1325953
0 1326000 1325953
0 1326001 1325953
0 1326002 1325953
0 1326003 1325953
0 1326004 1325953
0 1326005 1325953
0 1326006 1325953
0 1326018 1325953
0 1326019 1325953
0 1326020 1325953
0 1326021 1325953
0 1326022 1325953
0 1326023 1325953
0 1326024 1325953
0 1326025 1325953
0 1326026 1325953
0 1326027 1325953
0 1326028 1325953
0 1326029 1325953
0 1326030 1325953
0 1326031 1325953
0 1326032 1325953
0 1326033 1325953
0 1326034 1325953
0 1326035 1325953
0 1326036 1325953
0 1326037 1325953
0 1326038 1325953
0 1326044 1325953
0 1326045 1325953
0 1326046 1325953
0 1326047 1325953
0 1326048 1325953
0 1326049 1325953
0 1326050 1325953
0 1326051 1325953
0 1326052 1325953
0 1326053 1325953
0 1326054 1325953
0 1326055 1325953
0 1326056 1325953
0 1326057 1325953
0 1326058 1325953
0 1326059 1325953
0 1326060 1325953
0 1326061 1325953
0 1326062 1325953
0 1326063 1325953
0 1326064 1325953
0 1326065 1325953
0 1326066 1325953
0 1326067 1325953
0 1326068 1325953
0 1326069 1325953
0 1326070 1325953
0 1326071 1325953
0 1326072 1325953
0 1326073 1325953
0 1326074 1325953
0 1326075 1325953
0 1326076 1325953
0 1326077 1325953
0 1326078 1325953
0 1326079 1325953
0 1326080 1325953
0 1326081 1325953
0 1326082 1325953
0 1326083 1325953
0 1326084 1325953
0 1326085 1325953
0 1326086 1325953
0 1326087 1325953
0 1326088 1325953
0 1326089 1325953
0 1326090 1325953
0 1326091 1325953
0 1326092 1325953
0 1326093 1325953
0 1326094 1325953
0 1326095 1325953
0 1326096 1325953
0 1326097 1325953
0 1326098 1325953
0 1326099 1325953
0 1326100 1325953
0 1326101 1325953
0 1326102 1325953
0 1326103 1325953
0 1326104 1325953
0 1326105 1325953
0 1326106 1325953
0 1326107 1325953
0 1326108 1325953
0 1326109 1325953
0 1326110 1325953
0 1326111 1325953
0 1326112 1325953
0 1326113 1325953
0 1326114 1325953
0 1326115 1325953
0 1326116 1325953
0 1326117 1325953
0 1326118 1325953
0 1326119 1325953
0 1326120 1325953
0 1326121 1325953
0 1326122 1325953
0 1326123 1325953
0 1326124 1325953
0 1326125 1325953
0 1326126 1325953
0 1326127 1325953
0 1326128 1325953
0 1326129 1325953
0 1326130 1325953
0 1326131 1325953
0 1326132 1325953
0 1326133 1325953
0 1326134 1325953
0 1326135 1325953
0 1326136 1325953
0 1326137 1325953
0 1326138 1325953
0 1326139 1325953
0 1326140 1325953
0 1326141 1325953
0 1326142 1325953
0 1326143 1325953
0 1326144 1325953
0 1326145 1325953
0 1326146 1325953
0 1326147 1325953
0 1326148 1325953
0 1326149 1325953
0 1326150 1325953
0 1326151 1325953
0 1326152 1325953
0 1326153 1325953
0 1326154 1325953
0 1326155 1325953
0 1326156 1325953
0 1326157 1325953
0 1326158 1325953
0 1326159 1325953
0 1326160 1325953
0 1326161 1325953
0 1326162 1325953
0 1326163 1325953
0 1326164 1325953
0 1326165 1325953
0 1326166 1325953
0 1326167 1325953
0 1326168 1325953
0 1326169 1325953
0 1326170 1325953
0 1326171 1325953
0 1326172 1325953
0 1326173 1325953
0 1326174 1325953
0 1326175 1325953
0 1326176 1325953
0 1326177 1325953
0 1326178 1325953
0 1326179 1325953
0 1326180 1325953
0 1326181 1325953
0 1326182 1325953
0 1326183 1325953
0 1326184 1325953
0 1326185 1325953
0 1326187 1325953
0 1326188 1325953
0 1326189 1325953
0 1326190 1325953
0 1326191 1325953
0 1326192 1325953
0 1326193 1325953
0 1326194 1325953
0 1326195 1325953
0 1326196 1325953
0 1326197 1325953
0 1326198 1325953
0 1326199 1325953
0 1326200 1325953
0 1326186 1325953
0 1326201 1325953
0 1326202 1325953
0 1326203 1325953
0 1326204 1325953
0 1326205 1325953
0 1326206 1325953
0 1326207 1325953
0 1326208 1325953
0 1326209 1325953
0 1326210 1325953
0 1326211 1325953
0 1326212 1325953
0 1326213 1325953
0 1326214 1325953
0 1326215 1325953
0 1326216 1325953
0 1326217 1325953
0 1326218 1325953
0 1326219 1325953
0 1326220 1325953
0 1326221 1325953
0 1326222 1325953
0 1326223 1325953
0 1326224 1325953
0 1326225 1325953
0 1326226 1325953
0 1326227 1325953
0 1326228 1325953
0 1326229 1325953
0 1326230 1325953
0 1326231 1325953
0 1326232 1325953
0 1326233 1325953
0 1326234 1325953
0 1326235 1325953
0 1326236 1325953
0 1326237 1325953
0 1326238 1325953
0 1326239 1325953
0 1326240 1325953
0 1326241 1325953
0 1326242 1325953
0 1326243 1325953
0 1326244 1325953
0 1326245 1325953
0 1326247 1325953
0 1326248 1325953
0 1326249 1325953
0 1326250 1325953
0 1326251 1325953
0 1326252 1325953
0 1326253 1325953
0 1326254 1325953
0 1326255 1325953
0 1326256 1325953
0 1326257 1325953
0 1326258 1325953
0 1326259 1325953
0 1326260 1325953
0 1326261 1325953
0 1326262 1325953
0 1326263 1325953
0 1326264 1325953
0 1326265 1325953
0 1326266 1325953
0 1326267 1325953
0 1326268 1325953
0 1325980 1325953
0 1326269 1325953
0 1326270 1325953
0 1326271 1325953
0 1326272 1325953
0 1326273 1325953
0 1326274 1325953
0 1326275 1325953
0 1326276 1325953
0 1326277 1325953
0 1326278 1325953
0 1326279 1325953
0 1326280 1325953
0 1326281 1325953
0 1326282 1325953
0 1326283 1325953
0 1326284 1325953
0 1326285 1325953
0 1326286 1325953
0 1326287 1325953
0 1326288 1325953
0 1326289 1325953
0 1326290 1325953
0 1326291 1325953
0 1326292 1325953
0 1326293 1325953
0 1326294 1325953
0 1326295 1325953
0 1326296 1325953
0 1326297 1325953
0 1326298 1325953
0 1326299 1325953
0 1326300 1325953
0 1326301 1325953
0 1326302 1325953
0 1326303 1325953
0 1326304 1325953
0 1325982 1325953
0 1326305 1325953
0 1326306 1325953
0 1326307 1325953
0 1326308 1325953
0 1326309 1325953
0 1326310 1325953
0 1326311 1325953
0 1326312 1325953
0 1326313 1325953
0 1326314 1325953
0 1326315 1325953
0 1326316 1325953
0 1326317 1325953
0 1326318 1325953
0 1326319 1325953
0 1326320 1325953
0 1326321 1325953
0 1326322 1325953
0 1326323 1325953
0 1326324 1325953
0 1326325 1325953
0 1326326 1325953
0 1326008 1325953
0 1326327 1325953
0 1326328 1325953
0 1326329 1325953
0 1326330 1325953
0 1326331 1325953
0 1326332 1325953
0 1326333 1325953
0 1326334 1325953
0 1326335 1325953
0 1326336 1325953
0 1326337 1325953
0 1326338 1325953
0 1326339 1325953
0 1326340 1325953
0 1326341 1325953
0 1326342 1325953
0 1326343 1325953
0 1326344 1325953
0 1326345 1325953
0 1326346 1325953
0 1326347 1325953
0 1326348 1325953
0 1325981 1325953
0 1326349 1325953
0 1326350 1325953
0 1326351 1325953
0 1326352 1325953
0 1326353 1325953
0 1326354 1325953
0 1326355 1325953
0 1326356 1325953
0 1326357 1325953
0 1326358 1325953
0 1326359 1325953
0 1326360 1325953
0 1326361 1325953
0 1326362 1325953
0 1326363 1325953
0 1326364 1325953
0 1326365 1325953
0 1326366 1325953
0 1326367 1325953
0 1326368 1325953
0 1326369 1325953
0 1326370 1325953
0 1326011 1325953
0 1326371 1325953
0 1326372 1325953
0 1326373 1325953
0 1326374 1325953
0 1326375 1325953
0 1326376 1325953
0 1326377 1325953
0 1326378 1325953
0 1326379 1325953
0 1326380 1325953
0 1326381 1325953
0 1326382 1325953
0 1326383 1325953
0 1326384 1325953
0 1326385 1325953
0 1326386 1325953
0 1326387 1325953
0 1326388 1325953
0 1326389 1325953
0 1326390 1325953
0 1326391 1325953
0 1326392 1325953
0 1326013 1325953
0 1326393 1325953
0 1326394 1325953
0 1326395 1325953
0 1326396 1325953
0 1326397 1325953
0 1326398 1325953
0 1326399 1325953
0 1326400 1325953
0 1326401 1325953
0 1326402 1325953
0 1326403 1325953
0 1326404 1325953
0 1326405 1325953
0 1326406 1325953
0 1326407 1325953
0 1326408 1325953
0 1326409 1325953
0 1326410 1325953
0 1326411 1325953
0 1326412 1325953
0 1326413 1325953
0 1326414 1325953
0 1326415 1325953
0 1326416 1325953
0 1326417 1325953
0 1326418 1325953
0 1326419 1325953
0 1326420 1325953
0 1326421 1325953
0 1326422 1325953
0 1326423 1325953
0 1326424 1325953
0 1326425 1325953
0 1326426 1325953
0 1326427 1325953
0 1326428 1325953
0 1326429 1325953
0 1326430 1325953
0 1326431 1325953
0 1326432 1325953
0 1326433 1325953
0 1326434 1325953
0 1326435 1325953
0 1326436 1325953
0 1326016 1325953
0 1326437 1325953
0 1326438 1325953
0 1326439 1325953
0 1326440 1325953
0 1326441 1325953
0 1326442 1325953
0 1326443 1325953
0 1326444 1325953
0 1326445 1325953
0 1326446 1325953
0 1326447 1325953
0 1326448 1325953
0 1326449 1325953
0 1326450 1325953
0 1326451 1325953
0 1326452 1325953
0 1326453 1325953
0 1326454 1325953
0 1326455 1325953
0 1326456 1325953
0 1326457 1325953
0 1326458 1325953
0 1326039 1325953
0 1326459 1325953
0 1326460 1325953
0 1326461 1325953
0 1326462 1325953
0 1326463 1325953
0 1326464 1325953
0 1326465 1325953
0 1326466 1325953
0 1326467 1325953
0 1326468 1325953
0 1326469 1325953
0 1326470 1325953
0 1326471 1325953
0 1326472 1325953
0 1326473 1325953
0 1326474 1325953
0 1326476 1325953
0 1326477 1325953
0 1326478 1325953
0 1326479 1325953
0 1326041 1325953
0 1326480 1325953
0 1326481 1325953
0 1326482 1325953
0 1326483 1325953
0 1326484 1325953
0 1326485 1325953
0 1326486 1325953
0 1326487 1325953
0 1326488 1325953
0 1326489 1325953
0 1326490 1325953
0 1326491 1325953
0 1326492 1325953
0 1326493 1325953
0 1326494 1325953
0 1326495 1325953
0 1326496 1325953
0 1326497 1325953
0 1326498 1325953
0 1326499 1325953
0 1326500 1325953
0 1326501 1325953
0 1325948 1325953
0 1326502 1325953
0 1326503 1325953
0 1326504 1325953
0 1326505 1325953
0 1326506 1325953
0 1326507 1325953
0 1326508 1325953
0 1326509 1325953
0 1326510 1325953
0 1326511 1325953
0 1326512 1325953
0 1326513 1325953
0 1326514 1325953
0 1326515 1325953
0 1326516 1325953
0 1326517 1325953
0 1326518 1325953
0 1326519 1325953
0 1326520 1325953
0 1326521 1325953
0 1326522 1325953
0 1326523 1325953
0 1326524 1325953
0 1326525 1325953
0 1326526 1325953
0 1326527 1325953
0 1326528 1325953
0 1326529 1325953
0 1326530 1325953
0 1326531 1325953
0 1326532 1325953
0 1326533 1325953
0 1326534 1325953
0 1326535 1325953
0 1326536 1325953
0 1326537 1325953
0 1326538 1325953
0 1326539 1325953
0 1326540 1325953
0 1326541 1325953
0 1326542 1325953
0 1326543 1325953
0 1326544 1325953
0 1326545 1325953
0 1326043 1325953
0 1326546 1325953
0 1326547 1325953
0 1326548 1325953
0 1326549 1325953
0 1326550 1325953
0 1326551 1325953
0 1326552 1325953
0 1326553 1325953
0 1326554 1325953
0 1326555 1325953
0 1326556 1325953
0 1326557 1325953
0 1326558 1325953
0 1326559 1325953
0 1326560 1325953
0 1326561 1325953
0 1326562 1325953
0 1326563 1325953
0 1326564 1325953
0 1326565 1325953
0 1326566 1325953
0 1326567 1325953
0 1325950 1325953
0 1326568 1325953
0 1326569 1325953
0 1326570 1325953
0 1326571 1325953
0 1326572 1325953
0 1326573 1325953
0 1326574 1325953
0 1326575 1325953
0 1326576 1325953
0 1326577 1325953
0 1326578 1325953
0 1326579 1325953
0 1326580 1325953
0 1326581 1325953
0 1326582 1325953
0 1326583 1325953
0 1326584 1325953
0 1326585 1325953
0 1326586 1325953
0 1326587 1325953
0 1326588 1325953
0 1326589 1325953
0 1326590 1325953
0 1326591 1325953
0 1326592 1325953
0 1326593 1325953
0 1326594 1325953
0 1326595 1325953
0 1326596 1325953
0 1326597 1325953
0 1326598 1325953
0 1326599 1325953
0 1325952 1325953
0 1326600 1325953
0 1326601 1325953
0 1326602 1325953
0 1326603 1325953
0 1326604 1325953
0 1326605 1325953
0 1326606 1325953
0 1326607 1325953
0 1326608 1325953
0 1326609 1325953
0 1326610 1325953
0 1326611 1325953
0 1326612 1325953
0 1326613 1325953
0 1326614 1325953
0 1326615 1325953
0 1326616 1325953
0 1326617 1325953
0 1326619 1325953
0 1326620 1325953
0 1326618 1325953
0 1326621 1325953
0 1326622 1325953
0 1326623 1325953
0 1326624 1325953
0 1326625 1325953
0 1326626 1325953
0 1326627 1325953
0 1326628 1325953
0 1326629 1325953
0 1326630 1325953
0 1326631 1325953
0 1326632 1325953
0 1326633 1325953
0 1326634 1325953
0 1326635 1325953
0 1326636 1325953
0 1326637 1325953
0 1326638 1325953
0 1326639 1325953
0 1326641 1325953
0 1326642 1325953
0 1326640 1325953
0 1326643 1325953
0 1325949 1325953
0 1326644 1325953
0 1326645 1325953
0 1326646 1325953
0 1326647 1325953
0 1326648 1325953
0 1326649 1325953
0 1326650 1325953
0 1326651 1325953
0 1326652 1325953
0 1326653 1325953
0 1326654 1325953
0 1326655 1325953
0 1326656 1325953
0 1326657 1325953
0 1326658 1325953
0 1326659 1325953
0 1326660 1325953
0 1326661 1325953
0 1326662 1325953
0 1326663 1325953
0 1326664 1325953
0 1326665 1325953
0 1325960 1325953
0 1326666 1325953
0 1326667 1325953
0 1326668 1325953
0 1326669 1325953
0 1326670 1325953
0 1326671 1325953
0 1326672 1325953
0 1326673 1325953
0 1326674 1325953
0 1326675 1325953
0 1326676 1325953
0 1326677 1325953
0 1326678 1325953
0 1326679 1325953
0 1326680 1325953
0 1326681 1325953
0 1326682 1325953
0 1326683 1325953
0 1326684 1325953
0 1326685 1325953
0 1326686 1325953
0 1326687 1325953
0 1325959 1325953
0 1326688 1325953
0 1326689 1325953
0 1326690 1325953
0 1326691 1325953
0 1326692 1325953
0 1326693 1325953
0 1326694 1325953
0 1326695 1325953
0 1326696 1325953
0 1326697 1325953
0 1326698 1325953
0 1326699 1325953
0 1326700 1325953
0 1326701 1325953
0 1326702 1325953
0 1326703 1325953
0 1326704 1325953
0 1326705 1325953
0 1326706 1325953
0 1326707 1325953
0 1326708 1325953
0 1326709 1325953
0 1326710 1325953
0 1326711 1325953
0 1326712 1325953
0 1326713 1325953
0 1326714 1325953
0 1326715 1325953
0 1326716 1325953
0 1326717 1325953
0 1326718 1325953
0 1326719 1325953
0 1326720 1325953
0 1326721 1325953
0 1326722 1325953
0 1326723 1325953
0 1326724 1325953
0 1326725 1325953
0 1326726 1325953
0 1326727 1325953
0 1326728 1325953
0 1326729 1325953
0 1326730 1325953
0 1326731 1325953
0 1326732 1325953
0 1326733 1325953
0 1326734 1325953
0 1326735 1325953
0 1326736 1325953
0 1326737 1325953
0 1326738 1325953
0 1326739 1325953
0 1326740 1325953
0 1326741 1325953
0 1326742 1325953
0 1326743 1325953
0 1326744 1325953
0 1326745 1325953
0 1326746 1325953
0 1326747 1325953
0 1326748 1325953
0 1326749 1325953
0 1326750 1325953
0 1326751 1325953
0 1326752 1325953
0 1326753 1325953
0 1326754 1325953
0 1326755 1325953
0 1326756 1325953
0 1326757 1325953
0 1326758 1325953
0 1326759 1325953
0 1326760 1325953
0 1326761 1325953
0 1326762 1325953
0 1326763 1325953
0 1326764 1325953
0 1326765 1325953
0 1326766 1325953
0 1326767 1325953
0 1326768 1325953
0 1326769 1325953
0 1326770 1325953
0 1326771 1325953
0 1326772 1325953
0 1326773 1325953
0 1326774 1325953
0 1326775 1325953
0 1326776 1325953
0 1326777 1325953
0 1326778 1325953
0 1326779 1325953
0 1326780 1325953
0 1326781 1325953
0 1326782 1325953
0 1326783 1325953
0 1326784 1325953
0 1326785 1325953
0 1326786 1325953
0 1326787 1325953
0 1326788 1325953
0 1326789 1325953
0 1326790 1325953
0 1326791 1325953
0 1326792 1325953
0 1326793 1325953
0 1326794 1325953
0 1326795 1325953
0 1326796 1325953
0 1326797 1325953
0 1326798 1325953
0 1326799 1325953
0 1326800 1325953
0 1326801 1325953
0 1326802 1325953
0 1326803 1325953
0 1326804 1325953
0 1326805 1325953
0 1326806 1325953
0 1326807 1325953
0 1326808 1325953
0 1326809 1325953
0 1326810 1325953
0 1326811 1325953
0 1326812 1325953
0 1326813 1325953
0 1326814 1325953
0 1326815 1325953
0 1326816 1325953
0 1326817 1325953
0 1326818 1325953
0 1326819 1325953
0 1326820 1325953
0 1326821 1325953
0 1326822 1325953
0 1326823 1325953
0 1326824 1325953
0 1326825 1325953
0 1326826 1325953
0 1326827 1325953
0 1326828 1325953
0 1326829 1325953
0 1326830 1325953
0 1326831 1325953
0 1326832 1325953
0 1326833 1325953
0 1326834 1325953
0 1326835 1325953
0 1326836 1325953
0 1326837 1325953
0 1326838 1325953
0 1326839 1325953
0 1326840 1325953
0 1326841 1325953
0 1326842 1325953
0 1326843 1325953
0 1326844 1325953
0 1326845 1325953
0 1326846 1325953
0 1326847 1325953
0 1326848 1325953
0 1326849 1325953
0 1326850 1325953
0 1326851 1325953
0 1326852 1325953
0 1326853 1325953
0 1326854 1325953
0 1326855 1325953
0 1326856 1325953
0 1326857 1325953
0 1326858 1325953
0 1326859 1325953
0 1326860 1325953
0 1326861 1325953
0 1326862 1325953
0 1326863 1325953
0 1326864 1325953
0 1326865 1325953
0 1326866 1325953
0 1326867 1325953
0 1326868 1325953
0 1326869 1325953
0 1326870 1325953
0 1326871 1325953
0 1326872 1325953
0 1326873 1325953
0 1326874 1325953
0 1326875 1325953
0 1326876 1325953
0 1326877 1325953
0 1326878 1325953
0 1326879 1325953
0 1326880 1325953
0 1326881 1325953
0 1326882 1325953
0 1326883 1325953
0 1326884 1325953
0 1326885 1325953
0 1326886 1325953
0 1326887 1325953
0 1326888 1325953
0 1326889 1325953
0 1326890 1325953
0 1326891 1325953
0 1326892 1325953
0 1326893 1325953
0 1326894 1325953
0 1326895 1325953
0 1326896 1325953
0 1326897 1325953
0 1326898 1325953
0 1326899 1325953
0 1326900 1325953
0 1326901 1325953
0 1326902 1325953
0 1326903 1325953
0 1326904 1325953
0 1326905 1325953
0 1326906 1325953
0 1326907 1325953
0 1326908 1325953
0 1326909 1325953
0 1326910 1325953
0 1326911 1325953
0 1325979 1325953
0 1326912 1325953
0 1326913 1325953
0 1326914 1325953
0 1326915 1325953
0 1326916 1325953
0 1326917 1325953
0 1326918 1325953
0 1326919 1325953
0 1326920 1325953
0 1326921 1325953
0 1326922 1325953
0 1326923 1325953
0 1326924 1325953
0 1326925 1325953
0 1326926 1325953
0 1326927 1325953
0 1326928 1325953
0 1326929 1325953
0 1326930 1325953
0 1326931 1325953
0 1325983 1325953
0 1326932 1325953
0 1326933 1325953
0 1326934 1325953
0 1326935 1325953
0 1326936 1325953
0 1326937 1325953
0 1326938 1325953
0 1326939 1325953
0 1326940 1325953
0 1326941 1325953
0 1326942 1325953
0 1326943 1325953
0 1326944 1325953
0 1326945 1325953
0 1326946 1325953
0 1326947 1325953
0 1326948 1325953
0 1326949 1325953
0 1326950 1325953
0 1326951 1325953
0 1326952 1325953
0 1326953 1325953
0 1326007 1325953
0 1326954 1325953
0 1326955 1325953
0 1326009 1325953
0 1326956 1325953
0 1326957 1325953
0 1326958 1325953
0 1326959 1325953
0 1326960 1325953
0 1326961 1325953
0 1326962 1325953
0 1326963 1325953
0 1326964 1325953
0 1326965 1325953
0 1326966 1325953
0 1326967 1325953
0 1326968 1325953
0 1326969 1325953
0 1326970 1325953
0 1326971 1325953
0 1326972 1325953
0 1326973 1325953
0 1326974 1325953
0 1326975 1325953
0 1326976 1325953
0 1326977 1325953
0 1326010 1325953
0 1326978 1325953
0 1326979 1325953
0 1326980 1325953
0 1326981 1325953
0 1326982 1325953
0 1326983 1325953
0 1326984 1325953
0 1326985 1325953
0 1326986 1325953
0 1326987 1325953
0 1326988 1325953
0 1326989 1325953
0 1326990 1325953
0 1326991 1325953
0 1326992 1325953
0 1326993 1325953
0 1326994 1325953
0 1326995 1325953
0 1326996 1325953
0 1326997 1325953
0 1326012 1325953
0 1326998 1325953
0 1326999 1325953
0 1327000 1325953
0 1327001 1325953
0 1327002 1325953
0 1327003 1325953
0 1327004 1325953
0 1327005 1325953
0 1327006 1325953
0 1327007 1325953
0 1327008 1325953
0 1327009 1325953
0 1327010 1325953
0 1327011 1325953
0 1327012 1325953
0 1327013 1325953
0 1327014 1325953
0 1327015 1325953
0 1327017 1325953
0 1327018 1325953
0 1327019 1325953
0 1327020 1325953
0 1326014 1325953
0 1327021 1325953
0 1327022 1325953
0 1327023 1325953
0 1327024 1325953
0 1327025 1325953
0 1327026 1325953
0 1327027 1325953
0 1327028 1325953
0 1327029 1325953
0 1327030 1325953
0 1327031 1325953
0 1327032 1325953
0 1327033 1325953
0 1327034 1325953
0 1327035 1325953
0 1327036 1325953
0 1327037 1325953
0 1327038 1325953
0 1327039 1325953
0 1327040 1325953
0 1327041 1325953
0 1327042 1325953
0 1326015 1325953
0 1327043 1325953
0 1327044 1325953
0 1327045 1325953
0 1327046 1325953
0 1327047 1325953
0 1327048 1325953
0 1327049 1325953
0 1327050 1325953
0 1327051 1325953
0 1327052 1325953
0 1327053 1325953
0 1327054 1325953
0 1327055 1325953
0 1327056 1325953
0 1327057 1325953
0 1327058 1325953
0 1327059 1325953
0 1327060 1325953
0 1327061 1325953
0 1327062 1325953
0 1327016 1325953
0 1327063 1325953
0 1326017 1325953
0 1327064 1325953
0 1327065 1325953
0 1327066 1325953
0 1327067 1325953
0 1327068 1325953
0 1327069 1325953
0 1327070 1325953
0 1327071 1325953
0 1327072 1325953
0 1327073 1325953
0 1327074 1325953
0 1327075 1325953
0 1327076 1325953
0 1327077 1325953
0 1327078 1325953
0 1327079 1325953
0 1327080 1325953
0 1327081 1325953
0 1327082 1325953
0 1327083 1325953
0 1326040 1325953
0 1327084 1325953
0 1327085 1325953
0 1327086 1325953
0 1327087 1325953
0 1327088 1325953
0 1327089 1325953
0 1327090 1325953
0 1327091 1325953
0 1327092 1325953
0 1327093 1325953
0 1327094 1325953
0 1327095 1325953
0 1327096 1325953
0 1327097 1325953
0 1327098 1325953
0 1327099 1325953
0 1327100 1325953
0 1327101 1325953
0 1327102 1325953
0 1327103 1325953
0 1327104 1325953
0 1327105 1325953
0 1326042 1325953
0 1327106 1325953
0 1327107 1325953
0 1327108 1325953
0 1327109 1325953
0 1327110 1325953
0 1327111 1325953
0 1327112 1325953
0 1327113 1325953
0 1327114 1325953
0 1327115 1325953
0 1327116 1325953
0 1327117 1325953
0 1327118 1325953
0 1327119 1325953
0 1327120 1325953
0 1327121 1325953
0 1327122 1325953
0 1327123 1325953
0 1327124 1325953
0 1327125 1325953
0 1327126 1325953
0 1327127 1325953
0 1327128 1325953
0 1327129 1325953
0 1327130 1325953
0 1327131 1325953
0 1327132 1325953
0 1327133 1325953
0 1327134 1325953
0 1327135 1325953
0 1325961 1325953
0 1327136 1325953
0 1325947 1325953
0 1326475 1325953
0 1326246 1325953
0 1325861 1325861
0 1325866 1325861
0 1325862 1325861
0 1325864 1325861
0 1325868 1325861
0 1325867 1325861
0 1325870 1325861
0 1325860 1325861
0 1325869 1325861
0 1325865 1325861
0 1325863 1325861
0 1325871 1325861
0 1325915 1325915
0 1325916 1325915
0 1325917 1325915
0 1325918 1325915
0 1325919 1325915
0 1325920 1325915
0 1325921 1325915
0 1325922 1325915
0 1325923 1325915
0 1325924 1325915
0 1325925 1325915
0 1325926 1325915
0 1325927 1325915
0 1325928 1325915
0 1325929 1325915
0 1325930 1325915
0 1325913 1325913
0 1325886 1325913
0 1325887 1325913
0 1325888 1325913
0 1325889 1325913
0 1325890 1325913
0 1325891 1325913
0 1325892 1325913
0 1325893 1325913
0 1325894 1325913
0 1325875 1325913
0 1325895 1325913
0 1325876 1325913
0 1325896 1325913
0 1325897 1325913
0 1325877 1325913
0 1325878 1325913
0 1325898 1325913
0 1325879 1325913
0 1325899 1325913
0 1325880 1325913
0 1325900 1325913
0 1325901 1325913
0 1325883 1325913
0 1325903 1325913
0 1325884 1325913
0 1325904 1325913
0 1325881 1325913
0 1325905 1325913
0 1325906 1325913
0 1325874 1325913
0 1325882 1325913
0 1325910 1325913
0 1325911 1325913
0 1325912 1325913
0 1325907 1325913
0 1325908 1325913
0 1325909 1325913
0 1325885 1325913
0 1325902 1325913
0 1325914 1325913
0 1325943 1325943
0 1325937 1325943
0 1325935 1325943
0 1325940 1325943
0 1325942 1325943
0 1325934 1325943
0 1325936 1325943
0 1325938 1325943
0 1325941 1325943
0 1325933 1325943
0 1325939 1325943
0 1325872 1325943
0 1325931 1325943
0 1325932 1325943
0 1325873 1325943
0 1325944 1325943
0 1325946 1325946
0 1325945 1325946
