14 14 14
14 15039 14
0 17452 14
0 17477 14
14459 14459 14
0 14524 14459
0 14461 14
0 14471 14
0 14462 14
0 14453 14
0 14465 14
0 14466 14
0 14467 14
0 14468 14
0 14451 14
0 14426 14
0 15024 14
0 15025 14
0 15026 14
0 15027 14
0 15028 14
0 15029 14
0 15030 14
0 15031 14
0 15032 14
0 15033 14
0 15034 14
0 15035 14
0 15036 14
0 15037 14
0 15043 14
0 15044 14
0 15052 14
0 15053 14
0 15038 14
0 15157 14
0 15158 14
751 751 14
0 752 751
0 1038 14
0 1139 14
0 1238 14
0 14052 14
0 14159 14
0 14262 14
0 14363 14
0 14520 14
0 14650 14
0 14751 14
0 14862 14
0 14965 14
0 15102 14
0 15207 14
0 15309 14
0 15411 14
0 15512 14
0 15614 14
0 15715 14
0 15816 14
0 15916 14
0 16017 14
0 16116 14
0 16218 14
0 16321 14
0 16422 14
0 16529 14
0 16640 14
0 16779 14
0 16880 14
0 16980 14
0 17082 14
0 17184 14
0 17285 14
0 17387 14
0 17497 14
0 744 14
0 883 14
0 1039 14
0 1140 14
0 1239 14
0 14053 14
0 14160 14
0 14263 14
0 14364 14
0 14521 14
0 14651 14
0 14752 14
0 14863 14
0 14966 14
0 15103 14
0 15208 14
0 15310 14
0 15412 14
0 15513 14
0 15615 14
0 15716 14
0 15817 14
0 15917 14
0 16018 14
0 16117 14
0 16219 14
0 16322 14
0 16423 14
0 16530 14
0 16641 14
0 16780 14
0 16881 14
0 16981 14
0 17083 14
0 17185 14
0 17286 14
0 17388 14
0 17498 14
0 745 14
0 884 14
0 14473 14
0 15935 14
0 17342 14
0 1160 14
0 14540 14
0 15974 14
0 17410 14
0 1198 14
0 14607 14
0 16038 14
0 17455 14
0 13974 14
0 14671 14
0 16077 14
0 17521 14
0 14013 14
0 14710 14
0 16141 14
0 14078 14
0 14779 14
0 16181 14
0 14818 14
0 16249 14
0 14190 14
0 14889 14
0 16287 14
0 14230 14
0 14929 14
0 16351 14
0 14294 14
0 14999 14
0 16391 14
0 14334 14
0 15071 14
0 16455 14
0 14398 14
0 15135 14
0 16501 14
0 15179 14
0 16565 14
0 15244 14
0 16615 14
0 15285 14
0 16680 14
0 15349 14
0 16750 14
0 15389 14
0 16821 14
0 15453 14
0 16861 14
0 15493 14
0 16925 14
0 15559 14
0 16964 14
0 15598 14
0 17030 14
0 792 14
0 15663 14
0 17087 14
0 832 14
0 15728 14
0 17133 14
0 899 14
0 15767 14
0 17199 14
0 953 14
0 15831 14
0 17239 14
0 1056 14
0 15870 14
0 17303 14
0 1095 14
0 14474 14
0 15937 14
0 17343 14
0 1161 14
0 14541 14
0 15975 14
0 17412 14
0 1199 14
0 14608 14
0 16040 14
0 17456 14
0 13976 14
0 14673 14
0 16078 14
0 17523 14
0 14014 14
0 14711 14
0 16143 14
0 14080 14
0 14781 14
0 16182 14
0 14819 14
0 16250 14
0 14189 14
0 14891 14
0 16288 14
0 14231 14
0 14930 14
0 16352 14
0 14295 14
0 15001 14
0 16392 14
0 14336 14
0 15072 14
0 16456 14
0 14400 14
0 15136 14
0 16502 14
0 15180 14
0 16567 14
0 15245 14
0 16616 14
0 15286 14
0 16682 14
0 15350 14
0 16751 14
0 15390 14
0 16822 14
0 15454 14
0 16863 14
0 15494 14
0 16926 14
0 15560 14
0 16993 14
0 15625 14
0 17031 14
0 793 14
0 15664 14
0 17096 14
0 835 14
0 15730 14
0 17136 14
0 900 14
0 15768 14
0 17201 14
0 967 14
0 15833 14
0 17240 14
0 1057 14
0 15871 14
0 17305 14
0 1097 14
0 14476 14
0 15938 14
0 17345 14
0 1162 14
0 14543 14
0 15977 14
0 17413 14
0 1201 14
0 14610 14
0 16041 14
0 17458 14
0 13977 14
0 14674 14
0 16080 14
0 14016 14
0 14713 14
0 16144 14
0 14082 14
0 14782 14
0 16184 14
0 14821 14
0 16251 14
0 14191 14
0 14892 14
0 16290 14
0 14233 14
0 14932 14
0 16354 14
0 14297 14
0 15003 14
0 16394 14
0 14337 14
0 15074 14
0 16458 14
0 14401 14
0 15138 14
0 16504 14
0 15182 14
0 16568 14
0 15247 14
0 16618 14
0 15288 14
0 16689 14
0 15352 14
0 16753 14
0 15392 14
0 16824 14
0 15456 14
0 16864 14
0 15495 14
0 16928 14
0 15562 14
0 16994 14
0 15626 14
0 17033 14
0 794 14
0 15666 14
0 17097 14
0 837 14
0 15731 14
0 17138 14
0 901 14
0 15770 14
0 17202 14
0 969 14
0 15834 14
0 17242 14
0 1059 14
0 15873 14
0 17306 14
0 1098 14
0 14477 14
0 15940 14
0 17347 14
0 1164 14
0 14544 14
0 15978 14
0 17415 14
0 1202 14
0 14611 14
0 16043 14
0 17459 14
0 13979 14
0 14676 14
0 16081 14
0 14017 14
0 14714 14
0 16146 14
0 14083 14
0 14784 14
0 16185 14
0 14822 14
0 16252 14
0 14193 14
0 14893 14
0 16291 14
0 14234 14
0 14933 14
0 16355 14
0 14298 14
0 15004 14
0 16395 14
0 14339 14
0 15075 14
0 16459 14
0 14403 14
0 15139 14
0 16505 14
0 15183 14
0 16569 14
0 15248 14
0 16619 14
0 15289 14
0 16690 14
0 15354 14
0 16756 14
0 15393 14
0 16825 14
0 15457 14
0 16891 14
0 15525 14
0 16930 14
0 15563 14
0 16996 14
0 15628 14
0 17034 14
0 796 14
0 15667 14
0 17099 14
0 838 14
0 15733 14
0 17139 14
0 903 14
0 15771 14
0 17204 14
0 973 14
0 15836 14
0 17243 14
0 1060 14
0 15874 14
0 17308 14
0 1099 14
0 14479 14
0 15941 14
0 17348 14
0 1165 14
0 14545 14
0 15980 14
0 17416 14
0 1204 14
0 14613 14
0 16044 14
0 17461 14
0 13982 14
0 14677 14
0 16083 14
0 14019 14
0 14020 14
0 14716 14
0 16147 14
0 14084 14
0 14785 14
0 16187 14
0 14824 14
0 16254 14
0 14194 14
0 14895 14
0 16293 14
0 14236 14
0 14935 14
0 16357 14
0 14300 14
0 15006 14
0 16397 14
0 14340 14
0 15077 14
0 16461 14
0 14404 14
0 15141 14
0 16507 14
0 15185 14
0 16571 14
0 15250 14
0 16621 14
0 15291 14
0 16692 14
0 15356 14
0 16755 14
0 15394 14
0 16828 14
0 15459 14
0 16892 14
0 15526 14
0 16931 14
0 15565 14
0 16998 14
0 15630 14
0 17036 14
0 797 14
0 15669 14
0 17100 14
0 840 14
0 15734 14
0 17141 14
0 904 14
0 15773 14
0 17205 14
0 975 14
0 15837 14
0 17245 14
0 1061 14
0 15876 14
0 17309 14
0 1101 14
0 14480 14
0 15943 14
0 17349 14
0 1167 14
0 14547 14
0 15981 14
0 17418 14
0 1205 14
0 14614 14
0 16047 14
0 17462 14
0 13981 14
0 14679 14
0 16084 14
0 14021 14
0 14717 14
0 16148 14
0 14085 14
0 14786 14
0 16188 14
0 14825 14
0 16255 14
0 14196 14
0 14896 14
0 16294 14
0 14237 14
0 14936 14
0 16358 14
0 14302 14
0 15007 14
0 16398 14
0 14342 14
0 15078 14
0 16462 14
0 14405 14
0 15142 14
0 16508 14
0 15186 14
0 16572 14
0 15251 14
0 16624 14
0 15313 14
0 16694 14
0 15358 14
0 16790 14
0 15422 14
0 16829 14
0 15460 14
0 16894 14
0 15528 14
0 16933 14
0 15566 14
0 16999 14
0 15631 14
0 17037 14
0 799 14
0 15670 14
0 17102 14
0 841 14
0 15736 14
0 17142 14
0 906 14
0 15774 14
0 17207 14
0 976 14
0 15839 14
0 17246 14
0 1063 14
0 15877 14
0 17311 14
0 1102 14
0 14482 14
0 15944 14
0 17351 14
0 1169 14
0 14548 14
0 15983 14
0 17419 14
0 1207 14
0 14616 14
0 16046 14
0 17464 14
0 13983 14
0 14680 14
0 16086 14
0 14023 14
0 14719 14
0 16150 14
0 14087 14
0 14788 14
0 16190 14
0 14827 14
0 16257 14
0 14197 14
0 14898 14
0 16296 14
0 14239 14
0 14938 14
0 16360 14
0 14303 14
0 15009 14
0 16400 14
0 14343 14
0 15080 14
0 16464 14
0 14407 14
0 15144 14
0 16510 14
0 15188 14
0 16574 14
0 15253 14
0 16623 14
0 15292 14
0 16695 14
0 15359 14
0 16791 14
0 15423 14
0 16831 14
0 15462 14
0 16895 14
0 15529 14
0 16934 14
0 15568 14
0 17001 14
0 15632 14
0 17039 14
0 801 14
0 15672 14
0 17103 14
0 843 14
0 15737 14
0 17144 14
0 908 14
0 15776 14
0 17208 14
0 978 14
0 15840 14
0 17248 14
0 1064 14
0 15879 14
0 17312 14
0 1104 14
0 14483 14
0 15946 14
0 17352 14
0 1170 14
0 14550 14
0 15984 14
0 17420 14
0 1208 14
0 14617 14
0 16048 14
0 17465 14
0 13984 14
0 14681 14
0 16087 14
0 14720 14
0 16151 14
0 14088 14
0 14789 14
0 16191 14
0 14828 14
0 16258 14
0 14198 14
0 14899 14
0 16297 14
0 14240 14
0 14939 14
0 16361 14
0 14305 14
0 15010 14
0 16401 14
0 14345 14
0 15081 14
0 16465 14
0 14408 14
0 15145 14
0 16512 14
0 15191 14
0 16576 14
0 15254 14
0 16652 14
0 15321 14
0 16697 14
0 15361 14
0 16793 14
0 15425 14
0 16832 14
0 15463 14
0 16897 14
0 15531 14
0 16936 14
0 15569 14
0 17002 14
0 15634 14
0 17040 14
0 802 14
0 15673 14
0 17105 14
0 844 14
0 15739 14
0 17145 14
0 909 14
0 15777 14
0 17210 14
0 991 14
0 15842 14
0 17249 14
0 1066 14
0 15880 14
0 17314 14
0 1105 14
0 14485 14
0 15947 14
0 17354 14
0 1171 14
0 14551 14
0 15986 14
0 17422 14
0 1210 14
0 14619 14
0 16050 14
0 17467 14
0 13986 14
0 14683 14
0 16089 14
0 14024 14
0 14722 14
0 16153 14
0 14791 14
0 16194 14
0 14830 14
0 16260 14
0 14200 14
0 14901 14
0 16299 14
0 14242 14
0 14941 14
0 16363 14
0 14306 14
0 15012 14
0 16403 14
0 14346 14
0 15083 14
0 16467 14
0 14410 14
0 15147 14
0 16513 14
0 15189 14
0 16577 14
0 15256 14
0 16654 14
0 15322 14
0 16698 14
0 15362 14
0 16794 14
0 15426 14
0 16834 14
0 15465 14
0 16898 14
0 15532 14
0 16937 14
0 15571 14
0 17003 14
0 15635 14
0 17042 14
0 803 14
0 15675 14
0 17106 14
0 846 14
0 15740 14
0 17147 14
0 910 14
0 15779 14
0 17212 14
0 1000 14
0 15843 14
0 17251 14
0 1069 14
0 15882 14
0 17315 14
0 1107 14
0 14486 14
0 15948 14
0 17355 14
0 1172 14
0 14552 14
0 15987 14
0 17423 14
0 1211 14
0 14620 14
0 16051 14
0 17468 14
0 13987 14
0 14684 14
0 16090 14
0 14025 14
0 14723 14
0 16154 14
0 14792 14
0 16195 14
0 14831 14
0 16261 14
0 14201 14
0 14902 14
0 16300 14
0 14243 14
0 14942 14
0 16364 14
0 14308 14
0 15013 14
0 16405 14
0 14347 14
0 15084 14
0 16468 14
0 14411 14
0 15148 14
0 16540 14
0 15211 14
0 16578 14
0 15258 14
0 16655 14
0 15324 14
0 16700 14
0 15364 14
0 16796 14
0 15428 14
0 16835 14
0 15466 14
0 16900 14
0 15534 14
0 16939 14
0 15572 14
0 17005 14
0 15637 14
0 17043 14
0 805 14
0 15676 14
0 17108 14
0 847 14
0 15742 14
0 17148 14
0 912 14
0 15780 14
0 17214 14
0 1004 14
0 15846 14
0 17252 14
0 1068 14
0 15883 14
0 17316 14
0 1108 14
0 14488 14
0 15950 14
0 17357 14
0 1174 14
0 14554 14
0 15989 14
0 17425 14
0 1213 14
0 14622 14
0 16053 14
0 17470 14
0 13989 14
0 14686 14
0 16092 14
0 14027 14
0 14725 14
0 16156 14
0 14794 14
0 16197 14
0 14133 14
0 14833 14
0 16263 14
0 14203 14
0 14904 14
0 16302 14
0 14246 14
0 14944 14
0 16366 14
0 14309 14
0 15015 14
0 16406 14
0 14375 14
0 15087 14
0 16470 14
0 14413 14
0 15150 14
0 16541 14
0 15212 14
0 16580 14
0 15259 14
0 16657 14
0 15325 14
0 16701 14
0 15365 14
0 16797 14
0 15429 14
0 16837 14
0 15468 14
0 16901 14
0 15535 14
0 16940 14
0 15574 14
0 17006 14
0 15638 14
0 17045 14
0 806 14
0 15678 14
0 17109 14
0 849 14
0 15743 14
0 17150 14
0 915 14
0 15782 14
0 17213 14
0 1006 14
0 15845 14
0 17254 14
0 1070 14
0 15885 14
0 17318 14
0 1110 14
0 14489 14
0 15951 14
0 17358 14
0 1175 14
0 14555 14
0 15990 14
0 17427 14
0 1214 14
0 14623 14
0 16054 14
0 17471 14
0 13990 14
0 14687 14
0 16093 14
0 14028 14
0 14726 14
0 16157 14
0 14795 14
0 16198 14
0 14134 14
0 14834 14
0 16264 14
0 14204 14
0 14905 14
0 16305 14
0 14245 14
0 14947 14
0 16367 14
0 14312 14
0 15016 14
0 16433 14
0 14376 14
0 15106 14
0 16472 14
0 14417 14
0 15151 14
0 16543 14
0 15222 14
0 16581 14
0 15260 14
0 16658 14
0 15327 14
0 16702 14
0 15367 14
0 16799 14
0 15431 14
0 16838 14
0 15469 14
0 16903 14
0 15537 14
0 16942 14
0 15575 14
0 17008 14
0 15640 14
0 17046 14
0 808 14
0 15679 14
0 17111 14
0 850 14
0 15745 14
0 17151 14
0 914 14
0 15783 14
0 17215 14
0 1007 14
0 15847 14
0 17255 14
0 1071 14
0 15886 14
0 17319 14
0 1111 14
0 14491 14
0 15953 14
0 17360 14
0 1177 14
0 14557 14
0 15992 14
0 17428 14
0 1216 14
0 14625 14
0 16056 14
0 17473 14
0 13992 14
0 14689 14
0 16095 14
0 14030 14
0 14728 14
0 16159 14
0 14797 14
0 16200 14
0 14137 14
0 14836 14
0 16266 14
0 14206 14
0 14907 14
0 16304 14
0 14273 14
0 14946 14
0 16369 14
0 14313 14
0 15021 14
0 16435 14
0 14378 14
0 15107 14
0 16477 14
0 14419 14
0 15153 14
0 16544 14
0 15223 14
0 16583 14
0 15262 14
0 16660 14
0 15328 14
0 16705 14
0 15368 14
0 16800 14
0 15432 14
0 16840 14
0 15471 14
0 16904 14
0 15538 14
0 16943 14
0 15577 14
0 17009 14
0 15641 14
0 17048 14
0 809 14
0 15681 14
0 17112 14
0 852 14
0 15746 14
0 17153 14
0 916 14
0 15785 14
0 17217 14
0 1009 14
0 15849 14
0 17257 14
0 1073 14
0 15888 14
0 17321 14
0 1113 14
0 14492 14
0 15954 14
0 17361 14
0 1178 14
0 14558 14
0 15993 14
0 17429 14
0 1217 14
0 14626 14
0 16057 14
0 17474 14
0 13993 14
0 14690 14
0 16096 14
0 14031 14
0 14729 14
0 16160 14
0 14798 14
0 16222 14
0 14136 14
0 14839 14
0 16267 14
0 14207 14
0 14908 14
0 16332 14
0 14275 14
0 14969 14
0 16370 14
0 14315 14
0 15022 14
0 16436 14
0 14379 14
0 15116 14
0 16479 14
0 15154 14
0 16546 14
0 15225 14
0 16584 14
0 15263 14
0 16661 14
0 15330 14
0 16707 14
0 15370 14
0 16802 14
0 15434 14
0 16841 14
0 15472 14
0 16906 14
0 15540 14
0 16945 14
0 15578 14
0 17011 14
0 15643 14
0 17049 14
0 810 14
0 15682 14
0 17113 14
0 853 14
0 15747 14
0 17154 14
0 917 14
0 15786 14
0 17218 14
0 1010 14
0 15850 14
0 17258 14
0 1074 14
0 15889 14
0 17322 14
0 1114 14
0 14494 14
0 15956 14
0 17363 14
0 1180 14
0 14560 14
0 15995 14
0 17431 14
0 1219 14
0 14628 14
0 16059 14
0 17478 14
0 13995 14
0 14692 14
0 16098 14
0 14033 14
0 14732 14
0 16162 14
0 14800 14
0 16201 14
0 14171 14
0 14838 14
0 16269 14
0 14209 14
0 14910 14
0 16333 14
0 14276 14
0 14970 14
0 16373 14
0 14316 14
0 15049 14
0 16437 14
0 14381 14
0 15117 14
0 16482 14
0 15156 14
0 16547 14
0 15226 14
0 16586 14
0 15265 14
0 16662 14
0 15331 14
0 16732 14
0 15371 14
0 16803 14
0 15435 14
0 16843 14
0 15474 14
0 16907 14
0 15541 14
0 16946 14
0 15580 14
0 17012 14
0 15644 14
0 17051 14
0 812 14
0 15684 14
0 17115 14
0 855 14
0 15749 14
0 17156 14
0 919 14
0 15788 14
0 17220 14
0 1012 14
0 15852 14
0 17260 14
0 1076 14
0 15891 14
0 17324 14
0 1116 14
0 14495 14
0 15957 14
0 17364 14
0 1181 14
0 14561 14
0 15996 14
0 17432 14
0 1220 14
0 14629 14
0 16060 14
0 17480 14
0 13996 14
0 14693 14
0 16120 14
0 14034 14
0 14734 14
0 16163 14
0 14801 14
0 16232 14
0 14172 14
0 14873 14
0 16270 14
0 14210 14
0 14911 14
0 16335 14
0 14278 14
0 14984 14
0 16374 14
0 14318 14
0 15050 14
0 16439 14
0 14382 14
0 15119 14
0 16484 14
0 15162 14
0 16549 14
0 15228 14
0 16588 14
0 15267 14
0 16664 14
0 15333 14
0 16734 14
0 15372 14
0 16805 14
0 15437 14
0 16844 14
0 15475 14
0 16909 14
0 15544 14
0 16948 14
0 15581 14
0 17013 14
0 15645 14
0 17052 14
0 813 14
0 15685 14
0 17116 14
0 856 14
0 15750 14
0 17157 14
0 920 14
0 15789 14
0 17221 14
0 1013 14
0 15853 14
0 17261 14
0 1078 14
0 15892 14
0 17325 14
0 1117 14
0 14497 14
0 15959 14
0 17366 14
0 1183 14
0 14563 14
0 15998 14
0 17434 14
0 1242 14
0 14631 14
0 16062 14
0 17496 14
0 13998 14
0 14695 14
0 16099 14
0 14063 14
0 14742 14
0 16165 14
0 14803 14
0 16233 14
0 14174 14
0 14874 14
0 16272 14
0 14212 14
0 14913 14
0 16336 14
0 14279 14
0 14985 14
0 16376 14
0 14319 14
0 15054 14
0 16440 14
0 14384 14
0 15120 14
0 16485 14
0 15164 14
0 16550 14
0 15229 14
0 16589 14
0 15269 14
0 16665 14
0 15334 14
0 16735 14
0 15374 14
0 16806 14
0 15438 14
0 16846 14
0 15477 14
0 16910 14
0 15543 14
0 16949 14
0 15583 14
0 17015 14
0 15647 14
0 17054 14
0 815 14
0 15687 14
0 17118 14
0 858 14
0 15752 14
0 17159 14
0 922 14
0 15791 14
0 17223 14
0 1015 14
0 15855 14
0 17263 14
0 1079 14
0 15894 14
0 17327 14
0 1119 14
0 14498 14
0 15960 14
0 17369 14
0 1184 14
0 14564 14
0 16000 14
0 17435 14
0 1222 14
0 14633 14
0 16063 14
0 17508 14
0 13999 14
0 14696 14
0 16128 14
0 14065 14
0 14766 14
0 16166 14
0 14804 14
0 16235 14
0 14175 14
0 14876 14
0 16273 14
0 14214 14
0 14914 14
0 16338 14
0 14281 14
0 14987 14
0 16377 14
0 14321 14
0 15055 14
0 16442 14
0 14385 14
0 15122 14
0 16487 14
0 15165 14
0 16552 14
0 15231 14
0 16590 14
0 15270 14
0 16667 14
0 15336 14
0 16736 14
0 15376 14
0 16809 14
0 15440 14
0 16847 14
0 15478 14
0 16911 14
0 15545 14
0 16951 14
0 15584 14
0 17017 14
0 15648 14
0 17055 14
0 816 14
0 15688 14
0 17119 14
0 860 14
0 15753 14
0 17160 14
0 924 14
0 15792 14
0 17225 14
0 1016 14
0 15856 14
0 17264 14
0 1080 14
0 15895 14
0 17328 14
0 1120 14
0 14500 14
0 15962 14
0 17368 14
0 1186 14
0 14595 14
0 15999 14
0 17437 14
0 13961 14
0 14649 14
0 16065 14
0 17509 14
0 14001 14
0 14698 14
0 16129 14
0 14066 14
0 14767 14
0 16169 14
0 14806 14
0 16237 14
0 14177 14
0 14877 14
0 16275 14
0 14215 14
0 14916 14
0 16339 14
0 14283 14
0 14988 14
0 16379 14
0 14322 14
0 15057 14
0 16443 14
0 14387 14
0 15123 14
0 16488 14
0 15167 14
0 16553 14
0 15232 14
0 16592 14
0 15272 14
0 16668 14
0 15337 14
0 16738 14
0 15377 14
0 16808 14
0 15441 14
0 16849 14
0 15481 14
0 16913 14
0 15547 14
0 16952 14
0 15586 14
0 17018 14
0 15650 14
0 17057 14
0 818 14
0 15690 14
0 17121 14
0 861 14
0 15755 14
0 17162 14
0 925 14
0 15794 14
0 17226 14
0 1018 14
0 15858 14
0 17266 14
0 1082 14
0 15897 14
0 17330 14
0 1122 14
0 14502 14
0 15963 14
0 17392 14
0 1188 14
0 14596 14
0 16028 14
0 17438 14
0 13963 14
0 14661 14
0 16066 14
0 17511 14
0 14002 14
0 14699 14
0 16131 14
0 14068 14
0 14769 14
0 16170 14
0 14807 14
0 16238 14
0 14178 14
0 14879 14
0 16276 14
0 14217 14
0 14917 14
0 16341 14
0 14284 14
0 14990 14
0 16380 14
0 14324 14
0 15058 14
0 16445 14
0 14388 14
0 15125 14
0 16489 14
0 15168 14
0 16555 14
0 15234 14
0 16594 14
0 15273 14
0 16670 14
0 15339 14
0 16739 14
0 15379 14
0 16810 14
0 15442 14
0 16850 14
0 15482 14
0 16914 14
0 15548 14
0 16953 14
0 15587 14
0 17020 14
0 15651 14
0 17058 14
0 819 14
0 15691 14
0 17122 14
0 862 14
0 15756 14
0 17163 14
0 927 14
0 15795 14
0 17227 14
0 1019 14
0 15859 14
0 17268 14
0 1083 14
0 15900 14
0 17331 14
0 1123 14
0 14507 14
0 15965 14
0 17401 14
0 1189 14
0 14598 14
0 16029 14
0 17443 14
0 13964 14
0 14662 14
0 16068 14
0 17512 14
0 14004 14
0 14701 14
0 16132 14
0 14069 14
0 14771 14
0 16172 14
0 14809 14
0 16240 14
0 14180 14
0 14880 14
0 16278 14
0 14218 14
0 14919 14
0 16342 14
0 14285 14
0 14991 14
0 16382 14
0 14325 14
0 15062 14
0 16446 14
0 14390 14
0 15126 14
0 16491 14
0 15170 14
0 16556 14
0 15235 14
0 16595 14
0 15275 14
0 16671 14
0 15340 14
0 16741 14
0 15380 14
0 16812 14
0 15444 14
0 16852 14
0 15484 14
0 16916 14
0 15550 14
0 16955 14
0 15589 14
0 17021 14
0 15653 14
0 17060 14
0 821 14
0 15693 14
0 17124 14
0 864 14
0 15758 14
0 17165 14
0 928 14
0 15797 14
0 17229 14
0 1021 14
0 15861 14
0 17284 14
0 1085 14
0 15899 14
0 17333 14
0 1150 14
0 14532 14
0 15966 14
0 17403 14
0 1190 14
0 14599 14
0 16031 14
0 17444 14
0 13966 14
0 14664 14
0 16069 14
0 17514 14
0 14005 14
0 14702 14
0 16134 14
0 14071 14
0 14772 14
0 16173 14
0 14810 14
0 16241 14
0 14181 14
0 14882 14
0 16279 14
0 14219 14
0 14920 14
0 16344 14
0 14287 14
0 14993 14
0 16383 14
0 14326 14
0 15063 14
0 16448 14
0 14391 14
0 15128 14
0 16493 14
0 15171 14
0 16559 14
0 15238 14
0 16596 14
0 15276 14
0 16672 14
0 15341 14
0 16743 14
0 15381 14
0 16813 14
0 15445 14
0 16853 14
0 15485 14
0 16917 14
0 15551 14
0 16956 14
0 15590 14
0 17022 14
0 15654 14
0 17061 14
0 824 14
0 15694 14
0 17125 14
0 865 14
0 15759 14
0 17167 14
0 929 14
0 15798 14
0 17230 14
0 1022 14
0 15862 14
0 17296 14
0 1086 14
0 15928 14
0 17334 14
0 1152 14
0 14533 14
0 15968 14
0 17404 14
0 1192 14
0 14601 14
0 16032 14
0 17447 14
0 13967 14
0 14665 14
0 16071 14
0 17515 14
0 14007 14
0 14704 14
0 16135 14
0 14072 14
0 14774 14
0 16175 14
0 14812 14
0 16242 14
0 14183 14
0 14883 14
0 16281 14
0 14221 14
0 14923 14
0 16346 14
0 14288 14
0 14994 14
0 16385 14
0 14328 14
0 15065 14
0 16449 14
0 14393 14
0 15129 14
0 16495 14
0 15173 14
0 16558 14
0 15237 14
0 16598 14
0 15278 14
0 16674 14
0 15343 14
0 16744 14
0 15383 14
0 16815 14
0 15447 14
0 16855 14
0 15487 14
0 16919 14
0 15553 14
0 16958 14
0 15592 14
0 17024 14
0 5 14
0 15657 14
0 17063 14
0 826 14
0 15696 14
0 17127 14
0 887 14
0 15761 14
0 17170 14
0 931 14
0 15807 14
0 17232 14
0 1050 14
0 15864 14
0 17297 14
0 1088 14
0 15929 14
0 17336 14
0 1154 14
0 14535 14
0 15969 14
0 17406 14
0 1193 14
0 14602 14
0 16034 14
0 17448 14
0 13969 14
0 14667 14
0 16072 14
0 17517 14
0 14008 14
0 14705 14
0 16137 14
0 14074 14
0 14775 14
0 16176 14
0 14813 14
0 16244 14
0 14184 14
0 14885 14
0 16282 14
0 14224 14
0 14924 14
0 16347 14
0 14290 14
0 14996 14
0 16386 14
0 14330 14
0 15066 14
0 16451 14
0 14394 14
0 15132 14
0 16496 14
0 15174 14
0 16561 14
0 15239 14
0 16599 14
0 15279 14
0 16675 14
0 15344 14
0 16745 14
0 15384 14
0 16816 14
0 15448 14
0 16856 14
0 15488 14
0 16920 14
0 15554 14
0 16959 14
0 15593 14
0 17025 14
0 17 14
0 15658 14
0 17064 14
0 827 14
0 15697 14
0 17128 14
0 867 14
0 15762 14
0 17195 14
0 932 14
0 15827 14
0 17233 14
0 1051 14
0 15865 14
0 17299 14
0 1090 14
0 15931 14
0 17338 14
0 1155 14
0 14537 14
0 15971 14
0 17407 14
0 1195 14
0 14604 14
0 16035 14
0 17450 14
0 13970 14
0 14668 14
0 16074 14
0 17518 14
0 14010 14
0 14707 14
0 16138 14
0 14075 14
0 14777 14
0 16178 14
0 14815 14
0 16245 14
0 14185 14
0 14886 14
0 16284 14
0 14227 14
0 14926 14
0 16348 14
0 14291 14
0 14997 14
0 16388 14
0 14331 14
0 15068 14
0 16452 14
0 14395 14
0 15131 14
0 16498 14
0 15176 14
0 16562 14
0 15241 14
0 16612 14
0 15282 14
0 16677 14
0 15346 14
0 16747 14
0 15386 14
0 16818 14
0 15450 14
0 16858 14
0 15490 14
0 16922 14
0 15556 14
0 16961 14
0 15595 14
0 17027 14
0 22 14
0 15660 14
0 17065 14
0 829 14
0 15698 14
0 17130 14
0 895 14
0 15764 14
0 17196 14
0 934 14
0 15828 14
0 17236 14
0 1052 14
0 15867 14
0 17300 14
0 1092 14
0 15933 14
0 17339 14
0 1157 14
0 14538 14
0 15972 14
0 17409 14
0 1196 14
0 14605 14
0 16037 14
0 17453 14
0 13972 14
0 14670 14
0 16075 14
0 17520 14
0 14011 14
0 14708 14
0 16140 14
0 14077 14
0 14778 14
0 16179 14
0 14816 14
0 16247 14
0 14187 14
0 14888 14
0 16285 14
0 14228 14
0 14927 14
0 16350 14
0 14292 14
0 15000 14
0 16389 14
0 14333 14
0 15069 14
0 16453 14
0 14397 14
0 15133 14
0 16499 14
0 15177 14
0 16564 14
0 15242 14
0 16613 14
0 15283 14
0 16679 14
0 15347 14
0 16748 14
0 15387 14
0 16819 14
0 15451 14
0 16859 14
0 15491 14
0 16924 14
0 15557 14
0 16963 14
0 15597 14
0 17028 14
0 21 14
0 15661 14
0 17086 14
0 830 14
0 15727 14
0 17131 14
0 897 14
0 15765 14
0 17198 14
0 952 14
0 15830 14
0 17238 14
0 1054 14
0 15868 14
0 17302 14
0 1093 14
0 15934 14
0 17341 14
0 1158 14
0 1023 14
0 1124 14
0 14035 14
0 14138 14
0 14247 14
0 14348 14
0 14503 14
0 14634 14
0 14840 14
0 14948 14
0 15085 14
0 15192 14
0 15293 14
0 15395 14
0 15599 14
0 15799 14
0 15901 14
0 16001 14
0 16100 14
0 16306 14
0 16407 14
0 16514 14
0 16625 14
0 16757 14
0 16865 14
0 17066 14
0 17168 14
0 17269 14
0 17370 14
0 17481 14
0 55 14
0 868 14
0 15088 14
0 15091 14
0 15092 14
0 15093 14
0 15094 14
0 15095 14
0 15096 14
0 15097 14
0 15098 14
0 15104 14
0 16967 14
0 16969 14
0 16971 14
0 16972 14
0 16973 14
0 16974 14
0 16975 14
0 16976 14
0 16977 14
0 16982 14
0 15194 14
0 15196 14
0 15198 14
0 15199 14
0 15200 14
0 15201 14
0 15202 14
0 15203 14
0 15204 14
0 15209 14
0 17068 14
0 17070 14
0 17072 14
0 17073 14
0 17074 14
0 17075 14
0 17076 14
0 17077 14
0 17078 14
0 17084 14
0 15295 14
0 15298 14
0 15299 14
0 15300 14
0 15301 14
0 15302 14
0 15303 14
0 15304 14
0 15305 14
0 15311 14
0 17171 14
0 17174 14
0 17175 14
0 17176 14
0 17177 14
0 17178 14
0 17179 14
0 17180 14
0 17181 14
0 17186 14
0 15397 14
0 15400 14
0 15401 14
0 15402 14
0 15403 14
0 15404 14
0 15405 14
0 15406 14
0 15407 14
0 15413 14
0 17271 14
0 17274 14
0 17275 14
0 17276 14
0 17277 14
0 17278 14
0 17279 14
0 17280 14
0 17281 14
0 17287 14
0 14505 14
0 14509 14
0 14510 14
0 14512 14
0 14513 14
0 14514 14
0 14515 14
0 14516 14
0 14517 14
0 14522 14
0 15498 14
0 15500 14
0 15502 14
0 15503 14
0 15504 14
0 15505 14
0 15506 14
0 15507 14
0 15508 14
0 15514 14
0 17372 14
0 17375 14
0 17376 14
0 17377 14
0 17378 14
0 17379 14
0 17380 14
0 17381 14
0 17382 14
0 17389 14
0 15601 14
0 15604 14
0 15605 14
0 15606 14
0 15607 14
0 15608 14
0 15609 14
0 15610 14
0 15611 14
0 15616 14
0 17483 14
0 17486 14
0 17487 14
0 17488 14
0 17489 14
0 17490 14
0 17491 14
0 17492 14
0 17493 14
0 17499 14
0 15701 14
0 15704 14
0 15705 14
0 15706 14
0 15707 14
0 15708 14
0 15709 14
0 15710 14
0 15711 14
0 15717 14
0 1225 14
0 1227 14
0 1229 14
0 1230 14
0 1231 14
0 1232 14
0 1233 14
0 1234 14
0 1235 14
0 1240 14
0 15801 14
0 15804 14
0 15805 14
0 15806 14
0 15808 14
0 15809 14
0 15810 14
0 15811 14
0 15812 14
0 15818 14
0 15903 14
0 15906 14
0 15907 14
0 15908 14
0 15909 14
0 15910 14
0 15911 14
0 15912 14
0 15913 14
0 15918 14
0 57 14
0 59 14
0 63 14
0 70 14
0 747 14
0 82 14
0 84 14
0 87 14
0 90 14
0 93 14
0 16003 14
0 16005 14
0 16007 14
0 16008 14
0 16009 14
0 16010 14
0 16011 14
0 16012 14
0 16013 14
0 16019 14
0 16409 14
0 16412 14
0 16413 14
0 16414 14
0 16415 14
0 16416 14
0 16417 14
0 16418 14
0 16419 14
0 16424 14
0 870 14
0 872 14
0 874 14
0 875 14
0 876 14
0 877 14
0 878 14
0 879 14
0 880 14
0 885 14
0 16102 14
0 16104 14
0 16106 14
0 16107 14
0 16108 14
0 16109 14
0 16110 14
0 16111 14
0 16112 14
0 16118 14
0 1025 14
0 1028 14
0 1029 14
0 1030 14
0 1031 14
0 1032 14
0 1033 14
0 1034 14
0 1035 14
0 1040 14
0 16204 14
0 16206 14
0 16208 14
0 16209 14
0 16210 14
0 16211 14
0 16212 14
0 16213 14
0 16214 14
0 16220 14
0 14636 14
0 14638 14
0 14640 14
0 14641 14
0 14642 14
0 14643 14
0 14644 14
0 14645 14
0 14646 14
0 14652 14
0 14037 14
0 14039 14
0 14041 14
0 14042 14
0 14043 14
0 14044 14
0 14045 14
0 14046 14
0 14047 14
0 14054 14
0 16516 14
0 16519 14
0 16520 14
0 16521 14
0 16522 14
0 16523 14
0 16524 14
0 16525 14
0 16526 14
0 16531 14
0 14737 14
0 14739 14
0 14741 14
0 14743 14
0 14744 14
0 14745 14
0 14746 14
0 14747 14
0 14748 14
0 14753 14
0 14140 14
0 14143 14
0 14144 14
0 14145 14
0 14146 14
0 14147 14
0 14148 14
0 14149 14
0 14150 14
0 14161 14
0 16627 14
0 16630 14
0 16631 14
0 16632 14
0 16633 14
0 16634 14
0 16635 14
0 16636 14
0 16637 14
0 16642 14
0 14842 14
0 14845 14
0 14846 14
0 14847 14
0 14848 14
0 14849 14
0 14850 14
0 14851 14
0 14852 14
0 14855 14
0 14856 14
0 14857 14
0 14858 14
0 14859 14
0 14864 14
0 1126 14
0 1129 14
0 1130 14
0 1131 14
0 1132 14
0 1133 14
0 1134 14
0 1135 14
0 1136 14
0 1141 14
0 14249 14
0 14251 14
0 14253 14
0 14254 14
0 14255 14
0 14256 14
0 14257 14
0 14258 14
0 14259 14
0 14264 14
0 16759 14
0 16762 14
0 16763 14
0 16764 14
0 16765 14
0 16766 14
0 16767 14
0 16768 14
0 16769 14
0 16770 14
0 16771 14
0 16772 14
0 16773 14
0 16774 14
0 16775 14
0 16776 14
0 16781 14
0 14950 14
0 14952 14
0 14954 14
0 14955 14
0 14956 14
0 14957 14
0 14958 14
0 14959 14
0 14960 14
0 14967 14
0 14350 14
0 14353 14
0 14354 14
0 14355 14
0 14356 14
0 14357 14
0 14358 14
0 14359 14
0 14360 14
0 14365 14
0 16867 14
0 16870 14
0 16871 14
0 16872 14
0 16873 14
0 16874 14
0 16875 14
0 16876 14
0 16877 14
0 16882 14
0 16308 14
0 16310 14
0 16312 14
0 16313 14
0 16314 14
0 16315 14
0 16316 14
0 16317 14
0 16318 14
0 16323 14
0 14429 14
0 14430 14
0 14431 14
0 14423 14
0 14449 14
0 14469 14
0 16492 14
0 14731 14
0 16601 14
0 14222 14
0 14226 14
0 16683 14
0 14921 14
0 14310 14
0 16827 14
0 15018 14
0 15280 14
0 15355 14
0 15480 14
0 17451 14
0 17476 14
0 15655 14
0 984 14
0 1002 14
0 16168 14
0 16193 14
0 15699 14
0 14421 14
0 14422 14
0 1243 14
0 14755 14
0 15516 14
0 16223 14
0 16984 14
0 750 14
0 15060 14
0 15061 14
0 16480 14
0 17134 14
0 14452 14
0 14463 14
0 14445 14
0 14464 14
0 14424 14
0 14425 14
0 14472 14
753 753 14
754 754 753
755 755 754
0 756 755
0 757 755
0 758 755
0 759 755
0 760 755
0 1223 14
0 14735 14
0 15496 14
0 16202 14
0 16965 14
