26849 26849 26849
26849 821387 26849
0 411379 26849
0 411395 26849
0 411411 26849
0 411380 26849
0 411396 26849
0 411412 26849
0 411381 26849
0 411397 26849
0 411413 26849
0 411382 26849
0 411398 26849
0 411414 26849
0 411383 26849
0 411399 26849
0 411415 26849
0 411384 26849
0 411400 26849
0 411416 26849
0 411385 26849
0 411401 26849
0 411417 26849
0 411386 26849
0 411402 26849
0 411418 26849
0 411387 26849
0 411403 26849
0 411419 26849
0 411388 26849
0 411404 26849
0 411420 26849
0 411389 26849
0 411405 26849
0 411421 26849
0 411390 26849
0 411406 26849
0 411422 26849
0 411391 26849
0 411407 26849
0 411423 26849
0 411392 26849
0 411408 26849
0 411424 26849
0 411393 26849
0 411409 26849
0 411425 26849
0 411394 26849
0 411410 26849
0 411426 26849
0 411427 26849
0 411451 26849
0 411475 26849
0 411428 26849
0 411452 26849
0 411476 26849
0 411429 26849
0 411453 26849
0 411477 26849
0 411430 26849
0 411454 26849
0 411478 26849
0 411431 26849
0 411455 26849
0 411479 26849
0 411432 26849
0 411456 26849
0 411480 26849
0 411433 26849
0 411457 26849
0 411481 26849
0 411434 26849
0 411458 26849
0 411482 26849
0 411435 26849
0 411459 26849
0 411483 26849
0 411436 26849
0 411460 26849
0 411484 26849
0 411437 26849
0 411461 26849
0 411485 26849
0 411438 26849
0 411462 26849
0 411486 26849
0 411439 26849
0 411463 26849
0 411487 26849
0 411440 26849
0 411464 26849
0 411488 26849
0 411441 26849
0 411465 26849
0 411489 26849
0 411442 26849
0 411466 26849
0 411490 26849
0 411443 26849
0 411467 26849
0 411491 26849
0 411444 26849
0 411468 26849
0 411492 26849
0 411445 26849
0 411469 26849
0 411493 26849
0 411446 26849
0 411470 26849
0 411494 26849
0 411447 26849
0 411471 26849
0 411495 26849
0 411448 26849
0 411472 26849
0 411496 26849
0 411449 26849
0 411473 26849
0 411497 26849
0 411450 26849
0 411474 26849
0 411545 26849
0 411498 26849
0 411521 26849
0 411546 26849
0 411499 26849
0 411522 26849
0 411547 26849
0 411500 26849
0 411523 26849
0 411548 26849
0 411501 26849
0 411524 26849
0 411549 26849
0 411502 26849
0 411525 26849
0 411550 26849
0 411503 26849
0 411526 26849
0 411551 26849
0 411504 26849
0 411527 26849
0 411552 26849
0 411505 26849
0 411528 26849
0 411553 26849
0 411506 26849
0 411529 26849
0 411554 26849
0 411507 26849
0 411530 26849
0 411555 26849
0 411508 26849
0 411531 26849
0 411556 26849
0 411509 26849
0 411532 26849
0 411557 26849
0 411510 26849
0 411533 26849
0 411558 26849
0 411511 26849
0 411534 26849
0 411559 26849
0 411512 26849
0 411535 26849
0 411560 26849
0 411513 26849
0 411536 26849
0 411561 26849
0 411514 26849
0 411537 26849
0 411562 26849
0 411515 26849
0 411538 26849
0 411563 26849
0 411516 26849
0 411539 26849
0 411564 26849
0 411517 26849
0 411540 26849
0 411565 26849
0 411518 26849
0 411541 26849
0 411566 26849
0 411519 26849
0 411542 26849
0 411567 26849
0 411520 26849
0 411543 26849
0 411568 26849
0 411569 26849
0 411544 26849
0 411618 26849
0 411570 26849
0 411594 26849
0 411619 26849
0 411571 26849
0 411595 26849
0 411620 26849
0 411572 26849
0 411596 26849
0 411621 26849
0 411573 26849
0 411597 26849
0 411622 26849
0 411574 26849
0 411598 26849
0 411623 26849
0 411575 26849
0 411599 26849
0 411624 26849
0 411576 26849
0 411600 26849
0 411625 26849
0 411577 26849
0 411601 26849
0 411626 26849
0 411578 26849
0 411602 26849
0 411627 26849
0 411579 26849
0 411603 26849
0 411628 26849
0 411580 26849
0 411604 26849
0 411629 26849
0 411581 26849
0 411605 26849
0 411630 26849
0 411582 26849
0 411606 26849
0 411631 26849
0 411583 26849
0 411607 26849
0 411632 26849
0 411584 26849
0 411608 26849
0 411633 26849
0 411585 26849
0 411609 26849
0 411634 26849
0 411586 26849
0 411610 26849
0 411635 26849
0 411587 26849
0 411611 26849
0 411636 26849
0 411588 26849
0 411612 26849
0 411637 26849
0 411589 26849
0 411613 26849
0 411638 26849
0 411590 26849
0 411614 26849
0 411639 26849
0 411591 26849
0 411615 26849
0 411640 26849
0 411592 26849
0 411616 26849
0 411641 26849
0 411593 26849
0 411617 26849
0 411642 26849
