221898 221898 221898
221898 41 221898
221898 59420 221898
905022 905022 221898
0 905025 905022
0 905024 905022
0 905027 905022
0 905023 905022
0 905026 905022
0 903904 221898
903905 903905 221898
0 904995 903905
0 905021 903905
307154 307154 903905
364108 364108 307154
0 904480 364108
0 904379 364108
0 904423 364108
0 904416 364108
0 904481 364108
0 904521 364108
0 904449 364108
0 904424 364108
0 904385 364108
0 904370 364108
0 904421 364108
0 904381 364108
0 904398 364108
0 904451 364108
0 904394 364108
0 904417 364108
0 904380 364108
0 904566 364108
0 904310 364108
0 904261 364108
0 904325 364108
0 904429 364108
0 904278 364108
0 904432 364108
0 904229 364108
0 904406 364108
0 904555 364108
0 904204 364108
0 904590 364108
0 904588 364108
0 904508 364108
0 904224 364108
0 904670 364108
0 904303 364108
0 904546 364108
0 904524 364108
0 904543 364108
0 904685 364108
0 904208 364108
0 904483 364108
0 904684 364108
0 904427 364108
0 904592 364108
0 904409 364108
0 904193 364108
0 904426 364108
0 904223 364108
0 904673 364108
0 904301 364108
0 904358 364108
0 904264 364108
0 904359 364108
0 904595 364108
0 904550 364108
0 904209 364108
0 904166 364108
0 904167 364108
0 904326 364108
0 904479 364108
0 904201 364108
0 904265 364108
0 904244 364108
0 904402 364108
0 904322 364108
0 904308 364108
0 904282 364108
0 904485 364108
0 904399 364108
0 904606 364108
0 904362 364108
0 904448 364108
0 904281 364108
0 904290 364108
0 904240 364108
0 904343 364108
0 904191 364108
0 904239 364108
0 904579 364108
0 904330 364108
0 904331 364108
0 904560 364108
0 904254 364108
0 904435 364108
0 904350 364108
0 904363 364108
0 904168 364108
0 904453 364108
0 904181 364108
0 904329 364108
0 904332 364108
0 904241 364108
0 904447 364108
0 904276 364108
0 904164 364108
0 904165 364108
0 904627 364108
0 904179 364108
0 904650 364108
0 904665 364108
0 904294 364108
0 904291 364108
0 904252 364108
0 904354 364108
0 904353 364108
0 904312 364108
0 904498 364108
0 904514 364108
0 904582 364108
0 904584 364108
0 904218 364108
0 904306 364108
0 904547 364108
0 904545 364108
0 904569 364108
0 904411 364108
0 904502 364108
0 904553 364108
0 904340 364108
0 904256 364108
0 904247 364108
0 904286 364108
0 904609 364108
0 904573 364108
0 904292 364108
0 904272 364108
0 904219 364108
0 904236 364108
0 904296 364108
0 904608 364108
0 904444 364108
0 904443 364108
0 904630 364108
0 904530 364108
0 904624 364108
0 904632 364108
0 904464 364108
0 904571 364108
0 904652 364108
0 904623 364108
0 904248 364108
0 904667 364108
0 904404 364108
0 904647 364108
0 904635 364108
0 904683 364108
0 904662 364108
0 904642 364108
0 904389 364108
0 904657 364108
0 904213 364108
0 904211 364108
0 904173 364108
0 904387 364108
0 904287 364108
0 904273 364108
0 904626 364108
0 904313 364108
0 904638 364108
0 904184 364108
0 904649 364108
0 904664 364108
0 904463 364108
0 904347 364108
0 904319 364108
0 904230 364108
0 904413 364108
0 904195 364108
0 904348 364108
0 904531 364108
0 904349 364108
0 904576 364108
0 904577 364108
0 904512 364108
0 904581 364108
0 904255 364108
0 1368160 364108
0 904510 364108
0 904583 364108
0 904226 364108
0 904602 364108
0 904585 364108
0 904307 364108
0 904554 364108
0 904188 364108
0 904594 364108
0 721710 364108
0 904207 364108
0 904412 364108
0 904352 364108
0 904556 364108
0 904501 364108
0 904225 364108
0 904527 364108
0 904302 364108
0 904593 364108
0 904492 364108
0 904345 364108
0 904493 364108
0 904674 364108
0 904237 364108
0 904232 364108
0 904297 364108
0 904607 364108
0 904323 364108
0 904536 364108
0 904249 364108
0 904288 364108
0 904274 364108
0 904228 364108
0 904540 364108
0 904238 364108
0 904544 364108
0 904298 364108
0 904484 364108
0 904537 364108
0 904250 364108
0 904334 364108
0 904356 364108
0 904523 364108
0 904357 364108
0 400283 364108
0 904522 364108
0 904227 364108
0 904535 364108
0 904289 364108
0 904491 364108
0 904275 364108
0 904222 364108
0 904572 364108
0 904548 364108
0 904327 364108
0 904189 364108
0 904564 364108
0 904316 364108
0 904315 364108
0 904314 364108
0 904231 364108
0 904671 364108
0 904311 364108
0 904342 364108
0 904214 364108
0 904496 364108
0 904497 364108
0 904499 364108
0 904364 364108
0 904351 364108
0 904221 364108
0 904366 364108
0 904365 364108
0 904534 364108
0 904574 364108
0 904283 364108
0 904478 364108
0 904260 364108
0 904605 364108
0 904299 364108
0 904280 364108
0 904539 364108
0 904187 364108
0 904611 364108
0 904279 364108
0 904614 364108
0 904613 364108
0 904459 364108
0 904612 364108
0 904194 364108
0 904672 364108
0 904368 364108
0 904391 364108
0 904172 364108
0 904454 364108
0 904277 364108
0 904266 364108
0 904458 364108
0 904270 364108
0 904321 364108
0 904185 364108
0 904163 364108
0 904267 364108
0 904320 364108
0 904369 364108
0 904269 364108
0 904355 364108
0 904328 364108
0 904344 364108
0 904317 364108
0 904268 364108
0 904460 364108
0 904408 364108
0 904407 364108
0 904202 364108
0 904513 364108
0 904616 364108
0 904615 364108
0 904509 364108
0 721301 364108
0 904215 364108
0 904586 364108
0 904526 364108
0 904305 364108
0 904507 364108
0 904538 364108
0 904410 364108
0 904245 364108
0 904284 364108
0 904346 364108
0 904217 364108
0 904575 364108
0 904258 364108
0 904216 364108
0 904570 364108
0 904235 364108
0 904295 364108
0 904494 364108
0 904206 364108
0 904442 364108
0 904529 364108
0 904628 364108
0 904486 364108
0 904309 364108
0 904621 364108
0 904246 364108
0 904403 364108
0 904651 364108
0 904636 364108
0 904682 364108
0 904666 364108
0 904643 364108
0 904388 364108
0 904659 364108
0 904212 364108
0 904199 364108
0 904171 364108
0 904198 364108
0 904285 364108
0 904271 364108
0 904610 364108
0 904515 364108
0 904304 364108
0 904549 364108
0 904541 364108
0 904263 364108
0 904210 364108
0 904557 364108
0 904589 364108
0 904293 364108
0 904339 364108
0 904580 364108
0 904253 364108
0 819034 364108
0 904203 364108
0 904243 364108
0 904567 364108
0 400282 364108
0 904511 364108
0 904367 364108
0 904360 364108
0 904220 364108
0 904452 364108
0 904587 364108
0 904533 364108
0 904551 364108
0 904542 364108
0 904335 364108
0 904262 364108
0 904336 364108
0 904180 364108
0 904558 364108
0 904361 364108
0 904525 364108
0 904300 364108
0 904490 364108
0 904341 364108
0 904337 364108
0 904561 364108
0 904205 364108
0 904445 364108
0 904495 364108
0 904338 364108
0 904500 364108
0 904162 364108
0 690330 364108
0 690407 364108
0 904457 364108
0 904186 364108
0 904563 364108
0 904487 364108
0 904183 364108
0 904182 364108
0 904197 364108
0 904259 364108
0 904257 364108
0 725961 364108
0 904200 364108
0 904600 364108
0 904436 364108
0 904437 364108
0 904438 364108
0 904422 364108
0 904382 364108
0 904505 364108
0 904504 364108
0 904506 364108
0 904392 364108
0 904519 364108
0 904405 364108
0 904516 364108
0 904234 364108
0 904377 364108
0 904372 364108
0 904373 364108
0 904384 364108
0 904433 364108
0 904233 364108
0 904420 364108
0 904396 364108
0 904393 364108
0 904520 364108
0 904517 364108
0 904518 364108
0 904418 364108
0 904378 364108
0 904374 364108
0 904375 364108
0 904603 364108
0 904386 364108
0 904425 364108
0 904419 364108
0 904397 364108
0 904430 364108
0 904431 364108
0 904318 364108
0 904376 364108
0 904371 364108
0 904383 364108
0 904401 364108
0 904395 364108
0 904598 364108
0 904597 364108
0 904675 364108
0 904599 364108
0 904596 364108
0 904455 364108
0 904178 364108
0 904192 364108
0 904190 364108
0 904333 364108
0 904559 364108
0 904562 364108
0 904604 364108
0 904482 364108
0 904456 364108
0 904450 364108
0 904414 364108
0 904175 364108
0 904441 364108
0 904629 364108
0 904446 364108
0 904625 364108
0 904620 364108
0 904428 364108
0 904645 364108
0 904619 364108
0 904660 364108
0 904648 364108
0 904634 364108
0 904532 364108
0 904663 364108
0 904641 364108
0 904390 364108
0 904656 364108
0 904174 364108
0 904177 364108
0 904679 364108
0 904169 364108
0 904440 364108
0 904677 364108
0 904528 364108
0 904631 364108
0 904618 364108
0 904681 364108
0 904653 364108
0 904617 364108
0 904668 364108
0 904644 364108
0 904639 364108
0 904658 364108
0 904462 364108
0 904640 364108
0 904655 364108
0 904176 364108
0 904680 364108
0 904170 364108
0 904678 364108
0 904415 364108
0 904633 364108
0 904622 364108
0 904654 364108
0 904637 364108
0 904669 364108
0 904646 364108
0 904661 364108
0 904503 364108
0 904400 364108
0 904196 364108
0 904439 364108
0 904324 364108
0 904591 364108
0 904676 364108
0 904461 364108
0 904552 364108
0 904434 364108
0 904489 364108
0 904568 364108
0 904578 364108
0 904565 364108
0 904242 364108
0 904601 364108
0 904251 364108
0 904488 364108
0 712404 364108
0 904471 364108
0 904469 364108
0 904472 364108
0 904470 364108
0 904474 364108
0 904477 364108
0 904475 364108
0 904473 364108
0 904476 364108
0 904468 364108
0 904465 364108
0 904467 364108
0 904466 364108
364107 364107 307154
0 904045 364107
0 903913 364107
0 903911 364107
0 904043 364107
0 637142 364107
0 904013 364107
0 721261 364107
0 637145 364107
0 904161 364107
0 637140 364107
0 904081 364107
0 904041 364107
0 904038 364107
0 904062 364107
0 903912 364107
0 904157 364107
0 904055 364107
0 903910 364107
0 904101 364107
0 904050 364107
0 903908 364107
0 904080 364107
0 904153 364107
0 904154 364107
0 904158 364107
0 904112 364107
0 904156 364107
0 635466 364107
0 904100 364107
0 904150 364107
0 904075 364107
0 904074 364107
0 903909 364107
0 904102 364107
0 787076 364107
0 712244 364107
0 712396 364107
0 721259 364107
0 904123 364107
0 904132 364107
0 904121 364107
0 904116 364107
0 904129 364107
0 904128 364107
0 904126 364107
0 904127 364107
0 904148 364107
0 904119 364107
0 904124 364107
0 904117 364107
0 904131 364107
0 904120 364107
0 904115 364107
0 904031 364107
0 904114 364107
0 904030 364107
0 904029 364107
0 904125 364107
0 904118 364107
0 904122 364107
0 904130 364107
0 904108 364107
0 904086 364107
0 904098 364107
0 904088 364107
0 904084 364107
0 904149 364107
0 904111 364107
0 904092 364107
0 904105 364107
0 904113 364107
0 904091 364107
0 904089 364107
0 904109 364107
0 904085 364107
0 904097 364107
0 904083 364107
0 904079 364107
0 904078 364107
0 904082 364107
0 904077 364107
0 904076 364107
0 904107 364107
0 904110 364107
0 904087 364107
0 904099 364107
0 904096 364107
0 904106 364107
0 904152 364107
0 904151 364107
0 721258 364107
0 666558 364107
0 903943 364107
0 904141 364107
0 904138 364107
0 904142 364107
0 904136 364107
0 904134 364107
0 903945 364107
0 904007 364107
0 903944 364107
0 904139 364107
0 904137 364107
0 904140 364107
0 904135 364107
0 904133 364107
0 904036 364107
0 904093 364107
0 904155 364107
0 904042 364107
0 904057 364107
0 773645 364107
0 666557 364107
0 904160 364107
0 637144 364107
0 635464 364107
0 904039 364107
0 773646 364107
0 904034 364107
0 904033 364107
0 904032 364107
0 904040 364107
0 903906 364107
0 903907 364107
0 904065 364107
0 721260 364107
0 904067 364107
0 637143 364107
0 904090 364107
0 637141 364107
0 635472 364107
0 718689 364107
0 635470 364107
0 904061 364107
0 635465 364107
0 646964 364107
0 637138 364107
0 904060 364107
0 739935 364107
0 904035 364107
0 637137 364107
0 904017 364107
0 904037 364107
0 904015 364107
0 904066 364107
0 904103 364107
0 904068 364107
0 904056 364107
0 635471 364107
0 635467 364107
0 904046 364107
0 637139 364107
0 904028 364107
0 904018 364107
0 904044 364107
0 904016 364107
0 773644 364107
0 773650 364107
0 903918 364107
0 903914 364107
0 903915 364107
0 903916 364107
0 903917 364107
0 904146 364107
0 904049 364107
0 904145 364107
0 904048 364107
0 904047 364107
0 904014 364107
0 376348 364107
0 903973 364107
0 903968 364107
0 903972 364107
0 903926 364107
0 903936 364107
0 903930 364107
0 903940 364107
0 903929 364107
0 903938 364107
0 904053 364107
0 904051 364107
0 904063 364107
0 904021 364107
0 903933 364107
0 903937 364107
0 904020 364107
0 903919 364107
0 903931 364107
0 903932 364107
0 904072 364107
0 904054 364107
0 904052 364107
0 903946 364107
0 903934 364107
0 903935 364107
0 903939 364107
0 904026 364107
0 904027 364107
0 904023 364107
0 904025 364107
0 904024 364107
0 904022 364107
0 904064 364107
0 903949 364107
0 903981 364107
0 903942 364107
0 903984 364107
0 903997 364107
0 903993 364107
0 903956 364107
0 903953 364107
0 903998 364107
0 903951 364107
0 903921 364107
0 903947 364107
0 903920 364107
0 903950 364107
0 903983 364107
0 903982 364107
0 903996 364107
0 903955 364107
0 903941 364107
0 903954 364107
0 903948 364107
0 903922 364107
0 903952 364107
0 903979 364107
0 903975 364107
0 903961 364107
0 903962 364107
0 903959 364107
0 903986 364107
0 903992 364107
0 903977 364107
0 903987 364107
0 903980 364107
0 903974 364107
0 904159 364107
0 903960 364107
0 903958 364107
0 903976 364107
0 903957 364107
0 904070 364107
0 904071 364107
0 904069 364107
0 903978 364107
0 903963 364107
0 903985 364107
0 903991 364107
0 904095 364107
0 903990 364107
0 904073 364107
0 904058 364107
0 904006 364107
0 903928 364107
0 364112 364107
0 364117 364107
0 903999 364107
0 364116 364107
0 364114 364107
0 903969 364107
0 904000 364107
0 904003 364107
0 904004 364107
0 404649 364107
0 639677 364107
0 391302 364107
0 904005 364107
0 639678 364107
0 904019 364107
0 364113 364107
0 903966 364107
0 364115 364107
0 903994 364107
0 904147 364107
0 903971 364107
0 364111 364107
0 728303 364107
0 903970 364107
0 903965 364107
0 364110 364107
0 903988 364107
0 903964 364107
0 904011 364107
0 904009 364107
0 904008 364107
0 904001 364107
0 903927 364107
0 903995 364107
0 364121 364107
0 904002 364107
0 903967 364107
0 904012 364107
0 904104 364107
0 904010 364107
0 904143 364107
0 364120 364107
0 903989 364107
0 904094 364107
0 904059 364107
0 904144 364107
0 903924 364107
0 903925 364107
0 903923 364107
364109 364109 307154
0 904865 364109
0 904809 364109
0 904807 364109
0 904864 364109
0 904871 364109
0 904828 364109
0 904830 364109
0 904826 364109
0 904856 364109
0 904819 364109
0 904781 364109
0 904691 364109
0 904878 364109
0 904844 364109
0 904719 364109
0 904755 364109
0 904916 364109
0 904902 364109
0 904858 364109
0 904727 364109
0 904931 364109
0 904695 364109
0 904710 364109
0 904794 364109
0 904896 364109
0 904934 364109
0 904701 364109
0 904933 364109
0 904735 364109
0 904741 364109
0 904782 364109
0 904801 364109
0 904881 364109
0 904800 364109
0 904687 364109
0 904742 364109
0 904894 364109
0 904792 364109
0 904892 364109
0 904769 364109
0 904876 364109
0 904767 364109
0 904877 364109
0 904751 364109
0 904901 364109
0 904847 364109
0 904689 364109
0 904712 364109
0 904928 364109
0 904845 364109
0 904743 364109
0 904779 364109
0 904704 364109
0 904784 364109
0 904863 364109
0 904693 364109
0 904823 364109
0 904919 364109
0 904736 364109
0 904697 364109
0 904703 364109
0 904900 364109
0 904861 364109
0 904848 364109
0 904756 364109
0 904770 364109
0 904713 364109
0 904772 364109
0 904740 364109
0 904862 364109
0 904935 364109
0 904897 364109
0 904910 364109
0 904824 364109
0 904778 364109
0 904843 364109
0 904840 364109
0 904838 364109
0 904706 364109
0 904791 364109
0 904890 364109
0 904765 364109
0 904924 364109
0 904718 364109
0 904787 364109
0 904913 364109
0 904915 364109
0 904914 364109
0 904821 364109
0 904918 364109
0 904732 364109
0 904921 364109
0 904696 364109
0 904702 364109
0 904795 364109
0 904895 364109
0 904860 364109
0 904730 364109
0 904694 364109
0 904692 364109
0 904768 364109
0 904888 364109
0 904763 364109
0 904739 364109
0 904699 364109
0 904898 364109
0 904817 364109
0 904705 364109
0 904789 364109
0 904729 364109
0 904880 364109
0 904764 364109
0 904744 364109
0 904734 364109
0 904709 364109
0 904788 364109
0 904852 364109
0 904785 364109
0 904796 364109
0 904745 364109
0 904737 364109
0 904802 364109
0 904758 364109
0 904731 364109
0 904805 364109
0 904804 364109
0 904882 364109
0 904714 364109
0 904762 364109
0 904803 364109
0 904761 364109
0 904688 364109
0 904760 364109
0 904690 364109
0 904887 364109
0 904747 364109
0 904907 364109
0 904746 364109
0 904752 364109
0 904917 364109
0 904754 364109
0 904748 364109
0 904750 364109
0 904851 364109
0 904749 364109
0 904716 364109
0 904820 364109
0 721307 364109
0 904738 364109
0 904920 364109
0 904700 364109
0 904708 364109
0 904757 364109
0 904859 364109
0 904771 364109
0 904825 364109
0 904728 364109
0 904885 364109
0 904726 364109
0 904698 364109
0 904850 364109
0 904822 364109
0 904775 364109
0 904874 364109
0 904842 364109
0 904841 364109
0 904707 364109
0 904790 364109
0 904886 364109
0 904766 364109
0 904717 364109
0 904905 364109
0 904883 364109
0 904711 364109
0 904873 364109
0 904899 364109
0 904720 364109
0 904929 364109
0 904839 364109
0 904930 364109
0 904723 364109
0 904793 364109
0 904906 364109
0 904904 364109
0 904733 364109
0 904922 364109
0 904884 364109
0 904715 364109
0 904786 364109
0 904798 364109
0 904797 364109
0 904903 364109
0 904891 364109
0 904783 364109
0 904893 364109
0 904780 364109
0 904777 364109
0 904837 364109
0 904724 364109
0 904799 364109
0 904889 364109
0 904759 364109
0 904879 364109
0 904815 364109
0 904855 364109
0 904872 364109
0 904870 364109
0 904753 364109
0 904814 364109
0 904808 364109
0 904932 364109
0 904816 364109
0 904854 364109
0 904866 364109
0 904869 364109
0 904810 364109
0 904812 364109
0 904829 364109
0 904811 364109
0 904813 364109
0 904853 364109
0 904827 364109
0 904868 364109
0 904867 364109
0 904857 364109
0 904925 364109
0 904926 364109
0 904721 364109
0 904806 364109
0 904725 364109
0 904818 364109
0 904722 364109
0 904686 364109
0 904773 364109
0 904836 364109
0 904774 364109
0 904832 364109
0 904833 364109
0 904834 364109
0 904835 364109
0 904912 364109
0 904908 364109
0 904846 364109
0 904923 364109
0 904849 364109
0 904831 364109
0 904911 364109
0 904909 364109
0 904776 364109
0 904875 364109
0 904927 364109
0 712407 364109
0 905006 903905
904990 904990 903905
0 904991 904990
0 904992 903905
0 904989 903905
904936 904936 903905
0 904943 904936
0 904944 904936
0 904945 904936
0 904947 904936
0 904953 904936
0 904956 904936
0 904958 904936
0 904960 904936
0 904964 904936
0 904948 904936
0 904950 904936
0 904937 904936
0 904951 904936
0 904952 904936
0 904954 904936
0 904961 904936
0 904962 904936
0 904938 904936
0 904940 904936
0 904941 904936
0 904942 904936
0 904946 904936
0 904949 904936
0 904955 904936
0 904957 904936
0 904959 904936
0 904963 904936
0 904965 904936
0 904966 904936
0 904939 904936
0 904993 903905
905007 905007 903905
0 905008 905007
0 905009 905007
0 905010 905007
0 905011 905007
0 905012 905007
0 905013 905007
0 905014 905007
0 904967 903905
904968 904968 903905
0 904969 904968
0 904971 904968
0 904974 904968
0 904972 904968
0 904970 904968
0 904973 904968
904996 904996 903905
904997 904997 904996
0 904998 904997
0 904999 904997
0 905000 904997
0 905001 904997
0 905002 904997
0 905005 904997
0 905003 904997
0 905004 904997
0 904994 903905
904975 904975 903905
904986 904986 904975
0 904987 904986
0 904988 904986
904976 904976 904975
904977 904977 904976
0 904978 904977
904979 904979 904977
904980 904980 904979
904981 904981 904980
0 904982 904981
0 904983 904981
0 904984 904977
0 904985 904977
905015 905015 903905
0 905018 905015
0 905019 905015
0 905016 905015
0 905017 905015
0 905020 905015
