1014038 1014038 1014038
1014038 263 1014038
1014038 267530 1014038
1014038 271904 1014038
1014038 291986 1014038
1014038 292362 1014038
1014038 318391 1014038
1014038 358337 1014038
0 340 340
0 793319 340
0 935076 935076
796504 796504 340
0 796631 796504
0 796509 796504
0 796505 796504
0 796508 796504
0 796506 796504
0 796510 796504
0 796741 796504
0 811818 796504
0 811819 796504
0 811817 796504
0 811820 796504
0 797187 797187
0 797191 797187
0 797186 797187
0 797188 797187
0 797193 797187
797192 797192 797187
0 797194 797192
0 797195 797192
0 797196 797192
796511 796511 797187
0 796518 796511
0 796515 796511
0 796517 796511
0 796523 796511
0 796514 796511
0 796519 796511
0 796520 796511
0 796521 796511
0 796516 796511
796512 796512 796511
796525 796525 796512
796525 796540 796512
796525 796541 796512
796525 796542 796512
0 797172 796525
0 797118 796525
0 797119 796525
0 797120 796525
0 797121 796525
0 797122 796525
0 797123 796525
0 797124 796525
0 797125 796525
0 797126 796525
0 797127 796525
0 797128 796525
0 797129 796525
0 797130 796525
0 797131 796525
0 797132 796525
0 797133 796525
0 797134 796525
0 797135 796525
0 797136 796525
0 797137 796525
0 797138 796525
0 797139 796525
0 797140 796525
0 797141 796525
0 797142 796525
0 797143 796525
0 797144 796525
0 797145 796525
0 797146 796525
0 797147 796525
0 797148 796525
0 797149 796525
0 797150 796525
0 797151 796525
0 797180 796525
0 797152 796525
0 797153 796525
0 797154 796525
0 797155 796525
0 797156 796525
0 797157 796525
0 797158 796525
0 797159 796525
0 797160 796525
0 797161 796525
0 797162 796525
0 797163 796525
0 797164 796525
0 797165 796525
0 797166 796525
0 797167 796525
0 797168 796525
0 797169 796525
0 797170 796525
0 797181 796525
0 797174 796525
0 797173 796525
0 797171 796525
0 797184 796525
0 797176 796525
0 797175 796525
796527 796527 796525
0 811821 796527
0 809950 796527
0 809952 796527
0 811810 796527
0 811814 796527
0 810025 796527
0 809957 796527
0 809959 796527
0 809961 796527
0 811813 796527
0 796532 796527
0 796528 796527
0 796529 796527
0 811812 796527
0 796536 796527
0 796544 796527
0 796628 796527
0 796539 796527
0 796627 796527
0 796535 796527
0 796538 796527
0 796543 796527
0 809949 796527
0 809953 796527
0 809960 796527
0 809954 796527
0 809955 796527
0 809956 796527
0 796537 796527
0 809951 796527
0 809963 796527
0 809962 796527
0 811811 796527
0 796534 796527
0 796533 796527
0 796530 796527
0 796531 796527
0 809948 796527
0 809958 796527
0 809946 796527
0 809947 796527
0 810027 796527
0 810028 796527
0 810026 796527
0 811815 796527
0 810029 796527
0 811816 796527
0 810024 796527
0 797182 796525
0 797179 796525
0 797183 796525
0 797177 796525
0 797178 796525
0 796526 796512
0 796522 796511
0 796524 796511
0 796513 796511
0 797190 797187
0 797189 797187
0 796507 796504
0 664899 664899
0 298 340
0 1383483 1383483
0 288 1383483
0 306 1383483
0 277 1383483
0 270 1383483
0 333 1383483
0 982939 1383483
0 1690086 1383483
0 1377004 1383483
284 284 1383483
0 1369076 284
