1014039 1014039 1014039
1014039 1525257 1014039
1014039 253 1014039
1014039 267532 1014039
1014039 271906 1014039
1014039 291988 1014039
1014039 318392 1014039
1014039 357885 1014039
1014039 358338 1014039
1014039 85679 1014039
1142278 1142278 1014039
1142278 1142279 1014039
1142278 1142280 1014039
1142278 1156384 1014039
1142278 1156385 1014039
1142278 1156549 1014039
1142278 1156550 1014039
40446 40446 1142278
0 1142286 40446
0 1142287 40446
0 1142281 40446
0 1149932 40446
0 1156465 40446
0 1156464 40446
0 1142284 40446
0 1142519 40446
0 1156232 40446
0 1156443 40446
0 1156447 40446
0 1156467 40446
0 1156503 40446
0 1156546 40446
0 1156547 40446
0 1156560 40446
0 1158329 40446
0 1142285 40446
0 1142520 40446
0 1142277 40446
0 1156468 40446
1148357 1148357 40446
0 1156185 1148357
0 1156184 1148357
0 1142288 40446
0 1142289 40446
0 1142301 40446
0 1156174 40446
0 1156312 40446
0 1156329 40446
0 1156431 40446
0 1156437 40446
0 1156455 40446
0 1156539 40446
0 1156554 40446
0 1142291 40446
0 1142290 40446
0 1142302 40446
0 1156432 40446
0 1156555 40446
0 1156175 40446
0 1156314 40446
0 1156330 40446
0 1156438 40446
0 1156456 40446
0 1156540 40446
0 1142296 40446
0 1142293 40446
0 1142304 40446
0 1156434 40446
0 1156557 40446
0 1156177 40446
0 1156316 40446
0 1156332 40446
0 1156440 40446
0 1156458 40446
0 1156542 40446
0 1142297 40446
0 1142295 40446
0 1142305 40446
0 1156435 40446
0 1156558 40446
0 1156178 40446
0 1156317 40446
0 1156333 40446
0 1156441 40446
0 1156459 40446
0 1156543 40446
0 1148347 40446
0 1148351 40446
0 1148349 40446
0 1148372 40446
0 1148352 40446
0 1142282 40446
0 1148365 40446
0 1148354 40446
0 1148358 40446
0 1148367 40446
0 1156182 40446
0 1148360 40446
0 1148346 40446
0 1142298 40446
0 1142299 40446
0 1142306 40446
0 1156180 40446
0 1156326 40446
0 1156334 40446
0 1156436 40446
0 1156442 40446
0 1156460 40446
0 1156544 40446
0 1156559 40446
0 1142292 40446
0 1142294 40446
0 1142303 40446
0 1156176 40446
0 1156315 40446
0 1156331 40446
0 1156433 40446
0 1156439 40446
0 1156556 40446
0 1148350 40446
0 1148362 40446
0 1148370 40446
0 1148366 40446
1148348 1148348 40446
0 1156466 1148348
0 1148369 40446
0 1148378 40446
0 1148375 40446
0 1148377 40446
1148374 1148374 40446
0 1148385 1148374
0 1148383 1148374
0 1148386 1148374
0 1148387 1148374
0 1148388 1148374
0 1148398 1148374
0 1148389 1148374
0 1148384 1148374
0 1148390 1148374
0 1148408 1148374
0 1148391 1148374
0 1148399 1148374
0 1148392 1148374
0 1148393 1148374
1148394 1148394 1148374
0 1162956 1148394
0 1162954 1148394
0 1161874 1148394
0 1162955 1148394
0 1148395 1148374
0 1148396 1148374
0 1148400 1148374
0 1148407 1148374
0 1148404 1148374
0 1148403 1148374
0 1148405 1148374
0 1148406 1148374
0 1148397 1148374
0 1148402 1148374
1148401 1148401 1148374
0 1157360 1148401
0 1157361 1148401
0 1157363 1148401
0 1157362 1148401
0 1157364 1148401
0 1157365 1148401
0 1157366 1148401
0 1157367 1148401
0 1157368 1148401
0 1157370 1148401
0 1157369 1148401
40445 40445 40446
0 40461 40445
0 40455 40445
40450 40450 40445
0 40449 40445
0 40454 40450
0 40451 40450
0 40452 40450
0 40453 40450
0 40499 40445
40459 40459 40445
0 40460 40459
0 40447 40445
0 40458 40445
40462 40462 40445
40463 40463 40462
40464 40464 40463
0 40470 40464
0 40469 40464
0 40465 40464
0 40468 40464
0 40466 40464
0 40471 40464
0 40467 40464
0 40474 40463
0 40475 40463
0 40476 40463
0 40473 40463
0 40472 40463
0 40484 40463
0 40483 40463
0 40477 40463
0 40478 40463
0 40479 40463
0 40480 40463
0 40481 40463
0 40482 40463
0 40485 40462
0 40491 40462
0 40486 40462
0 40489 40462
0 40487 40462
0 40490 40462
0 40488 40462
40492 40492 40462
0 40493 40492
0 40494 40445
0 40495 40445
0 40496 40445
0 40456 40445
0 40457 40445
0 40498 40445
0 40497 40445
0 40448 40445
0 1148368 40446
0 1148363 40446
0 1148359 40446
0 1148361 40446
0 1148371 40446
0 1148353 40446
0 1148381 40446
0 1148373 40446
0 1148379 40446
0 1156183 40446
0 1148355 40446
0 1148376 40446
0 1148364 40446
0 1148380 40446
0 1157357 40446
1148356 1148356 40446
0 1156196 1148356
0 1156225 1148356
0 1156461 1148356
0 1156462 1148356
0 1156463 1148356
1156201 1156201 1148356
0 1156217 1156201
0 1156215 1156201
0 1156218 1156201
0 1156214 1156201
0 1156216 1156201
0 1156211 1156201
0 1156207 1156201
0 1156208 1156201
0 1156209 1156201
0 1156210 1156201
0 1156205 1156201
0 1156206 1156201
0 1156224 1156201
0 1156221 1156201
0 1156219 1156201
0 1156220 1156201
0 1156212 1156201
0 1156213 1156201
0 1156222 1156201
0 1156223 1156201
0 1156204 1148356
0 1156457 1148356
0 1156195 1148356
0 1156199 1148356
0 1156190 1148356
0 1156202 1148356
0 1156203 1148356
0 1156193 1148356
0 1156191 1148356
0 1156189 1148356
0 1156194 1148356
0 1156197 1148356
0 1156200 1148356
0 1156192 1148356
0 1156187 1148356
0 1156188 1148356
0 1156198 1148356
0 1495033 1142278
0 312 1142278
0 320 1142278
0 324 1142278
0 342 1142278
0 314 1142278
318 318 1142278
0 1366040 318
0 1366044 318
0 1366045 318
0 1366042 318
0 1366046 318
0 1366047 318
0 1366043 318
0 1366055 318
0 1366053 318
0 1366049 318
1366054 1366054 318
0 1366060 1366054
1366059 1366059 1366054
0 1366062 1366059
1366063 1366063 1366059
0 1366065 1366063
1366064 1366064 1366063
1366124 1366124 1366064
0 1366126 1366124
0 1366128 1366124
0 1366136 1366124
0 1366138 1366124
0 1366130 1366124
0 1366134 1366124
0 1366132 1366124
1366114 1366114 1366064
0 1366116 1366114
0 1366122 1366114
0 1366118 1366114
0 1366120 1366114
1366069 1366069 1366064
0 1366091 1366069
0 1366097 1366069
0 1366109 1366069
0 1366112 1366069
0 1366071 1366069
0 1366073 1366069
0 1366083 1366069
0 1366087 1366069
0 1366089 1366069
0 1366093 1366069
0 1366095 1366069
0 1366099 1366069
0 1366101 1366069
0 1366103 1366069
0 1366105 1366069
0 1366107 1366069
0 1366085 1366069
0 1366075 1366069
0 1366081 1366069
0 1366079 1366069
0 1366077 1366069
0 1366067 1366063
0 1366066 1366063
0 1366048 318
0 1366052 318
0 1366051 318
0 1366050 318
1196477 1196477 1142278
0 1636206 1196477
0 1636204 1196477
0 1636213 1196477
0 1636205 1196477
0 1636214 1196477
0 1636215 1196477
0 1636220 1196477
0 1636225 1196477
0 1636223 1196477
0 1636224 1196477
0 1636221 1196477
0 1636208 1196477
0 1636296 1196477
0 1636219 1196477
0 1636207 1196477
0 1636275 1196477
0 1636274 1196477
0 1636239 1196477
0 1636234 1196477
0 1636261 1196477
0 1636267 1196477
0 1636268 1196477
0 1636257 1196477
0 1636229 1196477
0 1636270 1196477
0 1636269 1196477
0 1636249 1196477
0 1636252 1196477
0 1636222 1196477
0 1636266 1196477
0 1636255 1196477
0 1636240 1196477
0 1636259 1196477
0 1636263 1196477
0 1636258 1196477
0 1636231 1196477
0 1636227 1196477
0 1636230 1196477
0 1636241 1196477
0 1636256 1196477
0 1636236 1196477
0 1636242 1196477
0 1636254 1196477
0 1636233 1196477
0 1636247 1196477
0 1636271 1196477
0 1636245 1196477
0 1636246 1196477
0 1636228 1196477
0 1636237 1196477
0 1636238 1196477
0 1636273 1196477
0 1636262 1196477
0 1636264 1196477
0 1636272 1196477
0 1636251 1196477
0 1636265 1196477
0 1636235 1196477
0 1636232 1196477
0 1636248 1196477
0 1636244 1196477
0 1636253 1196477
0 1636250 1196477
0 1636243 1196477
0 1636260 1196477
0 317 1142278
1142317 1142317 1014039
332 332 1142317
0 1142373 332
0 1142368 332
0 1142462 332
0 1142461 332
0 1142359 332
0 1142449 332
0 1142363 332
0 1142385 332
0 1142413 332
0 1142460 332
0 1142376 332
0 1142358 332
0 1142394 332
0 1142439 332
0 1142381 332
0 1142387 332
0 1142355 332
0 1142369 332
0 1142409 332
0 1142377 332
0 1142443 332
0 1142375 332
0 1142437 332
0 1142438 332
0 1142436 332
0 1142446 332
0 1142378 332
0 1142365 332
0 1142424 332
0 1142442 332
0 1142459 332
0 1142451 332
0 1142455 332
0 1142453 332
0 1142431 332
0 1142367 332
0 1142362 332
0 1142354 332
0 1142416 332
0 1142398 332
0 1142415 332
0 1142440 332
0 1142393 332
0 1142351 332
0 1142380 332
0 1142356 332
0 1142466 332
0 1142428 332
0 1142463 332
0 1142445 332
0 1142353 332
0 1142444 332
0 1142412 332
0 1142430 332
0 1142395 332
0 1142447 332
0 1142391 332
0 1142405 332
0 1142404 332
0 1142432 332
0 1142406 332
0 1142360 332
0 1142366 332
0 1142361 332
0 1142433 332
0 1142427 332
0 1142434 332
0 1142426 332
0 1142414 332
0 1142402 332
0 1142410 332
0 1142441 332
0 1142364 332
0 1142400 332
0 1142411 332
0 1142419 332
0 1142420 332
0 1142417 332
0 1142429 332
0 1142350 332
0 1142418 332
0 1142383 332
0 1142422 332
0 1142382 332
0 1142316 332
0 1142464 332
0 1142425 332
0 1142390 332
0 1142371 332
0 1142401 332
0 1142396 332
0 1142448 332
0 1142456 332
0 1142458 332
0 1142454 332
0 1142408 332
0 1142435 332
0 1142386 332
0 1142399 332
0 1142465 332
0 1142423 332
0 1142403 332
0 1142357 332
0 1142397 332
0 1142372 332
0 1142384 332
0 1142389 332
0 1142452 332
0 1142388 332
0 1142349 332
0 1142348 332
0 1142450 332
0 1142457 332
0 1142374 332
0 1142407 332
0 1142392 332
0 1142370 332
0 1142352 332
0 1142421 332
0 1142379 332
0 1142337 332
0 1142344 332
0 1142336 332
0 1142332 332
0 1142347 332
0 1142319 332
0 1142345 332
0 1142341 332
0 1142335 332
0 1142342 332
0 1142327 332
0 1142334 332
0 1142329 332
0 1142323 332
0 1142318 332
0 1142324 332
0 1142343 332
0 1142346 332
0 1142330 332
0 1142333 332
0 1142326 332
0 1142325 332
0 1142339 332
0 1142322 332
0 1142321 332
0 1142338 332
1142320 1142320 332
0 1142485 1142320
0 1142493 1142320
0 1142517 1142320
0 1142480 1142320
0 1142483 1142320
0 1142484 1142320
0 1142497 1142320
0 1142478 1142320
0 1142492 1142320
0 1142498 1142320
0 1142473 1142320
0 1142511 1142320
0 1142486 1142320
0 1142496 1142320
0 1142495 1142320
0 1142510 1142320
0 1142499 1142320
0 1142468 1142320
0 1142479 1142320
0 1142471 1142320
0 1142500 1142320
0 1142504 1142320
0 1142490 1142320
0 1142476 1142320
1142514 1142514 1142320
0 1142518 1142514
0 1142474 1142320
0 1142515 1142320
0 1142513 1142320
0 1142469 1142320
0 1142506 1142320
0 1142507 1142320
0 1142487 1142320
0 1142467 1142320
0 1142481 1142320
0 1142491 1142320
0 1142509 1142320
0 1142501 1142320
0 1142470 1142320
0 1142482 1142320
0 1142505 1142320
0 1142475 1142320
0 1142494 1142320
0 1142512 1142320
0 1142489 1142320
0 1142488 1142320
0 1142503 1142320
0 1142508 1142320
0 1142516 1142320
0 1142472 1142320
0 1142477 1142320
0 1142502 1142320
0 1142340 332
0 1142331 332
0 1142328 332
